!----------------------------------------------------------------
!Trucks: (total #, capacity, cost per distance, fixcost)
3,15000,1,0
!----------------------------------------------------------------
!CityFreighters: (max cf/sat, total #, cap, cost/dist, fixcost)
4,4,6000,1,0
!----------------------------------------------------------------
!Stores: (first: depot x,y; then: satellites x,y)
145,215   142,239   146,208
!----------------------------------------------------------------
!Customers: (x,y,demand)
151,264,1100   159,261,700   130,254,800   128,252,1400   163,247,2100   146,246,400   161,242,800   142,239,100   163,236,500   148,232,600   128,231,1200   156,217,1300   129,214,1300   146,208,300   164,208,900   141,206,2100   147,193,1000   164,193,900   129,189,2500   155,185,1800   139,182,700

