!----------------------------------------------------------------
!Trucks: (total #, capacity, cost per distance, fixcost)
3,20000,1,0
!----------------------------------------------------------------
!CityFreighters: (max cf/sat, total #, cap, cost/dist, fixcost)
4,4,8000,1,0
!----------------------------------------------------------------
!Stores: (first: depot x,y; then: satellites x,y)
292,495   293,421   314,394
!----------------------------------------------------------------
!Customers: (x,y,demand)
298,427,700   309,445,400   307,464,400   336,475,1200   320,439,40   321,437,80   322,437,2000   323,433,900   324,433,600   323,429,750   314,435,1500   311,442,150   304,427,250   293,421,1600   296,418,450   261,384,700   297,410,550   315,407,650   314,406,200   321,391,400   321,398,300   314,394,1300   313,378,700   304,382,750   295,402,1400   283,406,4000   279,399,600   271,401,1000   264,414,500   277,439,2500   290,434,1700   319,433,1100

