!----------------------------------------------------------------
!Trucks: (total #, capacity, cost per distance, fixcost)
3,12500,1,0
!----------------------------------------------------------------
!CityFreighters: (max cf/sat, total #, cap, cost/dist, fixcost)
6,6,5000,1,0
!----------------------------------------------------------------
!Stores: (first: depot x,y; then: satellites x,y)
5600,18400   10274,9495   2086,1622
!----------------------------------------------------------------
!Customers: (x,y,demand)
8700,8500,565   7812,9201,66   9050,6533,198   8895,7339,400   7387,7440,724   9861,9972,274   9550,7346,173   8938,7478,84   8626,10332,308   8014,9382,981   6768,8017,315   8908,8387,232   9045,6694,870   3300,9000,35   3742,7929,285   3180,9439,816   4220,7936,115   1875,8880,878   1836,9769,14   3726,10527,793   2014,7620,470   5102,8259,548   1980,8055,25   1396,8469,204   5158,9456,121   2635,10229,23   3200,3500,731   3926,4660,592   4040,5196,422   2009,2057,54   4081,5171,100   3344,1882,680   2697,2308,413   1732,2383,61   4182,2308,780   4608,4389,27   3615,3058,767   3178,3593,383   8300,3000,567   8401,1780,33   8202,4820,938   8184,2170,152   9088,2766,53   7189,3203,542   8519,2667,704   6828,2648,736   7545,4372,519   6625,3664,134   8929,4815,305   9667,1911,996

