!----------------------------------------------------------------
!Trucks: (total #, capacity, cost per distance, fixcost)
3,12500,1,0
!----------------------------------------------------------------
!CityFreighters: (max cf/sat, total #, cap, cost/dist, fixcost)
2,6,5000,1,0
!----------------------------------------------------------------
!Stores: (first: depot x,y; then: satellites x,y)
5600,18400   4562,1151   3571,10968   8741,10816   8719,11004   9056,1573
!----------------------------------------------------------------
!Customers: (x,y,demand)
6800,5900,565   6356,6251,66   6975,4917,198   6897,5320,400   6144,5370,724   7800,7500,274   8225,6922,173   7919,6989,84   7763,8416,308   7456,7941,981   4000,5500,315   4104,5443,232   4172,4597,870   3873,6399,35   4221,4964,285   5900,6500,816   6360,5968,115   5187,6440,878   5168,6884,14   6113,7263,793   4200,4600,470   5101,4229,548   3540,4128,25   3248,4335,204   5129,4828,121   5100,7300,23   4627,7317,731   5463,7880,592   5520,8148,422   4504,6578,54   10800,10900,100   10716,10005,680   10456,10122,413   10196,10143,61   10839,10122,780   2800,10500,27   2994,10084,767   2789,10285,383   2711,9520,567   2845,9793,33   1900,3000,938   1848,2585,152   2322,2883,53   1419,3101,542   2048,2834,704   9200,1800,736   8839,2518,519   8386,2199,134   9499,2717,305   9950,1410,996

