!----------------------------------------------------------------
!Trucks: (total #, capacity, cost per distance, fixcost)
3,12500,1,0
!----------------------------------------------------------------
!CityFreighters: (max cf/sat, total #, cap, cost/dist, fixcost)
4,6,5000,1,0
!----------------------------------------------------------------
!Stores: (first: depot x,y; then: satellites x,y)
5300,18500   7155,11384   5264,578
!----------------------------------------------------------------
!Customers: (x,y,demand)
6100,5300,457   10800,5700,521   9800,4400,933   10800,9100,474   7400,5100,997   4600,3100,707   1500,1800,987   4600,1500,817   6300,1100,280   6800,2000,542   5700,8500,494   8400,8000,410   4800,7500,784   6600,7800,6   5200,9900,690   9600,6000,802   5900,6800,878   5700,9400,897   8700,11000,645   7600,2500,71   2400,10500,73   3400,6100,240   5000,6400,55   4100,5300,566   8600,1000,91   10800,5100,547   1800,1900,954   10200,1900,667   4900,5600,323   10300,5000,225   2100,4700,724   8400,8900,910   8500,8400,605   1500,8700,324   10600,7800,738   5400,4000,477   5700,1300,140   10000,9100,772   4100,8600,898   1900,5500,675   11000,8600,945   2200,10100,926   8500,7200,654   1200,10400,306   3200,8100,358   3400,1000,297   7100,1100,175   7900,1700,774   8300,3100,954   3700,6100,368

