!----------------------------------------------------------------
!Trucks: (total #, capacity, cost per distance, fixcost)
5,1350,1,0
!----------------------------------------------------------------
!CityFreighters: (max cf/sat, total #, cap, cost/dist, fixcost)
53,53,150,1,0
!----------------------------------------------------------------
!Stores: (first: depot x,y; then: satellites x,y
0,0  44,9  38,11  47,21  13,9  44,33  42,18  46,35  28,11  34,5  34,2  49,7  38,49  47,9  31,20  24,46
!----------------------------------------------------------------
!Customers: (x,y,demand)
9,9,13  9,9,13  15,26,16  26,5,13  5,17,13  24,5,15  3,8,11  25,2,20  7,20,16  11,20,11  13,11,16  19,8,18  14,11,13  21,27,12  4,19,18  6,26,19  21,7,18  8,20,16  17,30,20  2,27,18  25,15,16  1,16,16  2,3,20  3,23,12  17,4,15  26,25,17  12,10,20  6,8,14  22,1,15  14,16,18  22,18,14  6,15,14  26,7,12  21,25,17  19,23,17  6,10,20  11,3,14  3,17,20  22,17,18  4,23,14  16,4,19  17,5,15  21,15,14  6,21,11  18,26,18  15,10,17  15,8,16  23,10,17  20,6,18  10,29,20  12,21,20  4,29,20  4,18,20  18,17,12  13,28,12  2,13,14  7,18,20  25,18,18  15,1,17  4,26,11  12,12,16  21,13,14  17,2,17  6,7,16  20,29,11  3,28,20  23,27,15  4,27,19  4,1,18  22,21,16  13,21,11  16,3,17  2,2,14  7,11,13  16,25,13  10,22,17  21,8,16  6,11,15  5,11,15  7,13,20  9,23,20  7,21,15  9,10,11  13,7,17  1,14,15  26,27,13  19,25,19  5,14,20  23,17,17  21,23,12  1,24,20  8,15,11  1,5,20  6,22,13  4,30,20  3,24,18  17,3,19  16,24,19  24,24,17  22,11,14  24,1,16  49,31,11  26,48,12  29,48,14  37,25,19  44,28,20  36,39,19  43,26,13  37,48,13  31,42,16  26,42,14  24,36,11  24,29,12  28,37,15  48,30,17  36,31,13  37,43,15  31,43,15  27,37,16  28,32,18  27,29,12  27,25,19  50,47,16  27,26,13  33,43,13  36,38,16  49,47,18  40,29,11  30,26,20  45,30,17  42,33,20  33,24,18  26,34,14  48,47,11  31,33,19  27,46,18  38,27,18  25,48,19  25,41,13  44,35,15  45,41,16  32,38,12  29,28,19  34,47,12  44,43,17  46,34,17  48,36,19  36,44,18  41,41,12  49,45,16  26,44,18  28,46,15  31,37,12  35,34,18  48,25,14  47,26,17  29,38,19  35,24,17  40,30,14  31,34,15  37,27,13  45,39,20  26,43,16  44,48,12  38,41,11  44,46,11  26,26,17  40,41,13  45,31,12  35,50,15  41,26,15  44,29,13  34,28,16  50,43,11  29,44,13  50,27,12  34,29,11  29,30,18  35,25,18  48,44,16  50,48,20  48,49,20  40,33,14  41,32,17  28,39,19  37,47,17  38,33,20  26,33,11  41,37,15  34,31,13  39,26,13  49,41,11  46,32,13  42,41,13  29,50,15  35,32,19  47,27,14  36,34,11  30,29,20  49,49,15  42,32,14
