!----------------------------------------------------------------
!Trucks: (total #, capacity, cost per distance, fixcost)
9,630,1,0
!----------------------------------------------------------------
!CityFreighters: (max cf/sat, total #, cap, cost/dist, fixcost)
110,110,70,1,0
!----------------------------------------------------------------
!Stores: (first: depot x,y; then: satellites x,y
0,0  13,1  30,43  39,38  8,40  49,7  43,25  47,32  26,15  11,22  50,29  15,29  3,19  14,10  3,22  48,12
!----------------------------------------------------------------
!Customers: (x,y,demand)
26,50,17  26,50,17  24,2,11  30,38,11  6,32,17  4,35,15  10,34,11  2,49,18  47,50,15  30,31,13  36,10,12  36,8,18  35,37,13  19,2,19  25,32,13  24,46,17  29,33,11  20,22,12  3,14,18  12,1,20  27,26,15  18,27,12  23,23,13  34,31,18  45,17,20  39,33,11  15,40,19  37,25,13  27,23,17  24,23,13  18,47,14  46,22,20  27,18,20  18,1,13  50,4,11  46,12,18  33,13,14  22,32,18  13,12,11  29,1,16  20,28,17  31,19,18  14,45,18  45,3,13  8,27,14  40,16,13  4,36,20  33,33,11  44,21,16  22,40,13  48,9,19  10,15,15  12,23,13  19,19,20  17,20,12  17,14,12  18,15,11  11,24,17  19,21,19  20,24,14  13,15,11  14,19,14  19,24,14  20,23,17  12,24,13  12,13,16  10,19,13  11,15,19  16,15,12  14,24,12  20,13,16  13,21,18  12,21,19  18,23,14  16,24,15  19,22,14  12,22,16  15,21,20  15,14,18  16,17,12  12,18,15  19,18,12  13,18,16  17,18,18  11,17,12  20,14,14  10,24,15  13,16,19  11,14,18  17,23,11  14,20,14  11,20,12  14,15,16  16,23,18  17,16,13  13,20,19  15,20,19  10,20,20  15,16,20  10,14,12  18,17,16  40,24,20  39,21,19  37,27,18  39,27,19  42,24,14  35,25,11  37,31,15  36,27,16  39,24,19  39,26,15  34,22,19  41,29,13  39,30,12  40,31,11  40,28,14  39,22,20  45,21,14  36,31,15  44,29,12  42,27,14  34,29,14  36,21,11  37,26,17  42,26,19  41,21,12  39,31,13  35,27,16  42,23,13  44,31,12  41,22,18  37,28,16  38,21,20  40,30,12  43,20,11  40,25,13  44,30,12  41,30,17  44,26,19  41,26,12  38,28,16  36,20,14  38,23,16  35,22,16  35,24,15  43,29,11  34,28,18  36,22,20  45,24,16  38,29,11  41,23,13  24,42,14  25,38,13  26,37,16  22,35,12  25,45,18  18,44,12  25,43,11  22,38,17  18,35,19  18,37,16  20,34,17  21,38,11  25,37,16  20,44,15  27,41,18  22,44,19  17,36,16  26,40,20  20,35,12  17,44,20  27,43,12  18,42,19  18,36,18  26,35,19  26,41,20  25,41,13  26,38,14  21,45,17  27,42,17  21,39,11  19,36,16  27,44,14  25,44,18  26,34,17  24,40,16  21,43,18  24,41,19  24,36,19  25,35,19  17,45,12  18,41,13  20,42,11  17,41,12  22,37,20  25,36,11  23,35,15  23,40,13  24,44,19  20,43,11  19,35,16
