!----------------------------------------------------------------
!Trucks: (total #, capacity, cost per distance, fixcost)
13,630,1,0
!----------------------------------------------------------------
!CityFreighters: (max cf/sat, total #, cap, cost/dist, fixcost)
165,165,70,1,0
!----------------------------------------------------------------
!Stores: (first: depot x,y; then: satellites x,y
0,0  33,96  68,25  73,18  74,75  64,25  37,25  53,28  43,58  4,13  95,17  50,80  86,29  9,33  93,55  71,81
!----------------------------------------------------------------
!Customers: (x,y,demand)
10,50,11  10,50,11  32,18,20  13,35,20  32,19,11  36,1,20  42,4,12  47,10,15  28,47,14  48,31,18  42,28,12  42,53,19  19,43,19  5,47,19  21,27,17  14,29,18  51,12,20  48,25,16  7,22,12  11,56,19  43,50,11  11,7,17  14,50,20  14,25,16  39,27,19  8,28,14  7,26,15  34,2,12  1,21,15  21,47,19  44,46,14  18,31,13  17,32,15  33,23,15  1,16,18  48,11,18  21,39,13  29,39,11  20,42,20  5,13,12  49,55,19  5,14,13  46,37,18  11,43,19  23,33,12  26,48,15  18,20,20  35,52,11  51,8,16  47,37,13  38,20,11  23,43,18  17,33,17  36,23,16  15,55,19  17,7,20  19,42,14  31,8,15  3,5,14  43,51,16  42,18,18  30,18,11  36,2,15  24,53,15  19,28,20  2,46,20  7,19,12  16,57,12  41,49,19  32,56,16  40,45,15  26,4,15  36,53,16  34,25,13  31,36,11  2,15,20  30,14,11  42,39,20  20,60,18  44,24,15  5,15,18  4,16,20  50,57,16  47,26,19  4,32,19  12,56,13  17,3,16  37,57,16  24,18,16  25,31,19  41,20,19  14,42,12  10,44,11  40,48,14  13,29,19  1,8,15  7,51,13  26,17,15  47,31,18  19,54,12  26,23,12  35,23,17  14,51,16  13,45,11  21,56,12  2,40,11  24,8,16  6,4,18  28,41,14  33,22,13  24,52,17  30,55,18  5,19,12  13,2,13  11,60,12  23,21,17  20,5,17  43,55,20  10,27,17  37,5,16  10,22,16  30,17,14  46,44,17  35,22,18  29,4,12  6,45,20  11,12,14  3,24,14  39,56,20  12,37,12  11,41,12  9,7,15  38,40,20  12,29,12  7,4,15  31,52,16  43,27,19  10,58,17  18,1,11  28,27,12  46,6,18  16,53,16  15,32,11  19,40,14  4,22,13  12,43,16  20,25,18  35,21,19  9,50,16  14,24,12  17,55,16  64,68,16  88,91,18  88,81,12  76,62,11  89,50,19  73,60,11  64,70,20  63,58,14  73,62,12  95,98,19  82,58,13  58,83,20  58,66,19  63,94,12  59,90,20  96,88,16  82,81,13  92,74,16  96,82,13  93,85,18  60,72,16  94,80,13  63,52,12  79,67,13  93,81,18  99,94,11  62,73,14  57,92,20  53,51,14  73,92,16  77,88,17  49,59,16  75,51,20  63,63,20  50,66,13  65,80,14  80,89,12  80,64,16  77,54,15  57,100,17  75,100,17  71,51,15  100,65,19  94,96,19  74,68,16  57,96,11  73,68,15  81,67,11  69,73,12  73,49,16  85,52,17  77,91,13  68,63,12  98,70,20  74,89,19  95,52,12  70,81,16  61,82,13  91,83,14  64,90,15  77,60,16  82,70,18  59,66,14  74,50,16  93,80,17  74,79,18  100,75,14  55,89,14  73,85,12  74,82,20  86,54,12  90,63,14  89,56,13  73,75,13  62,50,11  83,93,12  76,68,13  67,56,17  49,53,12  77,49,15  84,83,19  92,67,20  80,62,18  88,100,15  94,90,14  62,90,13  70,68,14  53,59,17  88,96,13  95,99,12  61,74,14  52,72,12  69,71,18  54,86,15  99,84,13  64,92,11  54,56,17  81,78,12  98,68,13  69,62,20  52,53,15  93,51,14  52,96,15  75,62,17  88,58,16  85,74,12  73,88,17  86,81,14  82,72,17  84,99,20  97,86,11  93,50,17  95,80,11  50,54,18  59,56,16  81,91,20  58,75,13  97,95,14  66,69,15  66,79,17  91,72,16  62,88,14  87,93,17  87,66,12  49,82,18  49,69,12  76,80,12  84,62,20  57,58,17  65,51,17  57,51,12  67,78,14  52,64,12  68,97,19  59,77,19  97,81,16  55,62,15  61,60,11  61,93,20  49,84,13  66,58,15  58,79,12  97,92,18  52,84,13  53,100,12  50,89,14  50,84,17  62,76,17  52,49,14  83,79,17
