!----------------------------------------------------------------
!Trucks: (total #, capacity, cost per distance, fixcost)
9,630,1,0
!----------------------------------------------------------------
!CityFreighters: (max cf/sat, total #, cap, cost/dist, fixcost)
110,110,70,1,0
!----------------------------------------------------------------
!Stores: (first: depot x,y; then: satellites x,y
0,0  14,48  26,47  45,35  3,26  25,31  44,37  11,30  43,37  47,27  26,10  45,33  14,46  7,15  7,30  18,47
!----------------------------------------------------------------
!Customers: (x,y,demand)
38,50,11  38,50,11  2,37,13  11,23,18  25,10,11  14,24,12  4,44,16  34,4,16  29,13,17  7,32,19  26,38,12  32,36,18  10,27,15  5,22,17  6,19,12  6,43,18  37,20,15  15,4,20  16,30,13  46,21,19  43,11,20  18,1,16  14,32,20  22,49,13  8,16,18  10,18,15  32,2,12  45,36,11  41,28,11  43,16,13  42,35,20  35,39,17  33,11,12  15,34,11  5,41,19  5,2,18  11,6,20  27,8,14  44,14,20  36,27,14  42,40,12  50,31,18  11,38,18  18,4,11  50,47,20  4,45,11  3,12,15  48,21,11  45,48,15  1,45,12  4,17,13  10,23,12  10,13,17  17,16,17  19,13,16  12,17,16  17,14,14  19,19,16  14,16,18  19,16,11  15,19,13  13,22,20  17,23,19  13,16,20  14,20,18  11,21,19  18,20,19  11,18,14  15,21,12  16,19,19  12,14,14  14,14,11  13,20,13  18,17,18  14,17,12  18,23,13  17,15,12  14,19,12  19,14,15  17,17,20  11,22,16  18,14,16  18,19,16  11,14,13  18,16,15  10,19,16  18,15,12  11,19,11  12,13,11  15,18,16  10,24,19  20,14,16  13,17,17  16,23,13  20,18,18  16,21,13  20,16,15  15,13,13  18,24,20  15,15,16  19,23,19  41,27,15  34,27,12  44,29,15  45,27,14  38,20,15  40,23,15  38,27,11  35,28,12  35,26,13  34,21,19  40,29,17  44,31,18  42,28,13  34,26,20  40,25,15  36,30,20  38,24,14  35,20,17  40,21,15  37,26,19  40,22,18  45,29,11  35,22,16  35,31,14  34,24,14  36,26,19  34,29,19  39,27,16  42,27,11  38,29,12  41,23,16  39,31,18  43,27,14  34,28,19  45,22,19  39,30,17  37,27,11  40,31,16  39,22,18  43,25,13  35,25,11  43,31,15  38,30,19  41,21,17  44,20,17  37,28,12  44,28,20  45,28,13  43,28,11  41,20,11  27,40,13  23,45,14  27,35,17  26,34,14  18,43,13  26,43,11  22,42,14  24,37,14  26,37,18  27,39,15  23,36,19  22,36,11  27,43,14  25,40,18  20,44,18  21,39,11  23,42,14  20,39,20  21,42,19  24,34,18  22,40,17  18,45,17  27,38,13  24,43,18  23,41,20  17,36,14  25,35,18  23,43,16  18,37,11  19,37,11  24,42,16  21,34,15  26,41,12  17,40,19  26,40,17  22,35,18  19,41,20  27,45,15  24,45,20  21,37,15  24,44,19  19,34,13  21,36,20  17,35,11  27,41,15  27,42,14  19,42,16  21,38,16  19,38,11  22,34,15
