!----------------------------------------------------------------
!Trucks: (total #, capacity, cost per distance, fixcost)
9,630,1,0
!----------------------------------------------------------------
!CityFreighters: (max cf/sat, total #, cap, cost/dist, fixcost)
111,111,70,1,0
!----------------------------------------------------------------
!Stores: (first: depot x,y; then: satellites x,y
0,0  9,47  40,3  13,50  35,3  40,12  41,37  8,29  13,42  40,44  1,47  13,12  48,29  44,24  16,37  31,4
!----------------------------------------------------------------
!Customers: (x,y,demand)
30,21,14  30,21,14  37,23,17  43,28,11  35,30,15  43,8,11  47,24,20  8,19,14  10,23,20  10,26,14  44,18,12  15,26,11  9,44,15  24,8,17  18,19,13  3,23,14  41,13,11  36,9,16  49,47,16  47,6,14  33,39,14  1,5,19  1,30,17  47,41,14  11,12,17  31,24,13  27,36,16  11,49,11  1,31,13  41,8,16  22,11,13  38,34,18  30,33,17  48,4,17  14,10,14  27,11,19  27,41,15  28,49,17  39,27,12  26,4,16  43,14,18  5,38,17  11,11,20  2,11,15  3,10,20  28,18,19  2,6,19  1,25,20  43,49,18  50,39,11  6,13,17  6,20,16  13,4,20  43,35,16  44,25,15  26,49,16  23,28,19  26,36,16  40,45,19  21,29,14  1,17,13  46,10,15  11,2,15  34,47,20  44,27,16  7,8,11  15,33,11  33,31,17  36,11,13  13,32,15  18,27,19  19,33,18  18,33,12  15,6,11  17,45,15  43,5,20  41,28,13  18,9,20  3,15,11  31,1,17  1,42,14  19,16,19  45,24,16  2,39,13  20,36,13  48,22,18  7,46,15  41,34,20  38,38,20  41,18,17  15,25,12  34,29,17  15,44,11  9,2,17  30,38,14  29,12,18  31,12,19  48,15,12  46,8,12  8,6,12  4,4,16  48,30,17  40,50,14  20,45,18  6,30,16  41,15,17  26,38,14  38,19,13  14,25,15  39,33,14  14,23,19  49,17,16  7,49,14  20,20,15  50,41,14  4,21,11  2,18,12  18,42,20  6,23,14  40,43,18  23,9,12  10,22,17  28,39,17  36,24,17  40,46,18  10,31,16  15,22,12  12,44,19  26,34,17  35,20,13  4,49,12  22,10,20  23,32,14  36,27,19  7,25,12  46,21,17  37,22,18  8,2,15  34,31,13  44,9,15  32,31,16  6,32,14  11,43,12  35,4,16  6,2,20  28,32,18  34,11,13  7,44,19  22,46,20  3,38,17  28,35,16  13,13,13  26,26,11  6,18,17  42,14,12  25,30,20  7,29,15  21,16,12  19,20,20  42,33,14  13,26,16  14,11,19  36,22,18  15,40,11  27,50,14  19,7,17  10,19,13  33,42,11  36,29,18  11,35,18  4,37,13  40,4,11  33,17,18  8,34,19  14,40,19  47,39,12  5,34,18  12,18,12  43,44,14  6,45,12  42,36,13  45,17,18  9,29,18  37,46,12  40,11,15  46,6,18  26,21,16  18,39,13  37,47,18  16,34,11  8,39,12  5,48,20  44,7,13  48,26,16  29,28,19  19,22,11  43,11,14  43,38,15  8,27,16  16,36,17  5,7,13
