!----------------------------------------------------------------
!Trucks: (total #, capacity, cost per distance, fixcost)
9,630,1,0
!----------------------------------------------------------------
!CityFreighters: (max cf/sat, total #, cap, cost/dist, fixcost)
110,110,70,1,0
!----------------------------------------------------------------
!Stores: (first: depot x,y; then: satellites x,y
0,0  48,3  18,31  43,12  30,14  32,6  29,2  35,46  40,34  22,18  46,38  19,12  28,19  49,22  38,24  44,44
!----------------------------------------------------------------
!Customers: (x,y,demand)
21,9,11  21,9,11  25,6,18  13,3,19  1,11,18  5,19,19  19,15,18  5,11,11  9,1,17  18,4,11  24,1,13  12,11,14  21,15,13  24,14,19  2,7,18  15,4,18  4,9,13  18,18,11  9,3,18  25,8,18  13,11,11  19,13,11  24,9,16  21,3,15  1,18,15  13,9,19  25,7,18  18,15,11  8,16,13  5,1,15  17,4,17  14,6,16  13,15,19  14,2,14  2,15,18  5,18,11  21,18,20  10,12,13  1,19,20  11,17,14  8,5,20  19,11,19  18,6,15  11,13,11  10,14,13  8,8,20  10,1,11  25,13,11  8,12,15  7,17,17  20,2,19  3,12,20  18,19,16  10,5,11  1,12,17  8,3,20  17,6,13  23,1,13  15,3,19  2,10,15  8,14,15  7,1,12  26,19,11  6,12,13  19,18,13  10,16,14  26,9,17  35,27,19  31,25,18  48,21,19  29,35,17  35,19,12  24,13,14  37,32,13  45,21,16  43,37,16  29,11,15  46,37,16  32,16,11  32,23,18  40,15,11  36,27,13  39,20,11  34,24,18  46,25,16  33,37,12  46,30,20  43,26,11  28,32,15  45,18,12  24,27,17  49,11,20  26,17,13  38,28,17  49,12,16  47,29,17  29,24,15  28,17,11  42,24,11  26,28,12  39,23,19  42,23,12  29,18,15  50,21,20  26,18,15  44,35,18  43,15,17  35,35,17  49,23,20  38,21,17  50,29,19  48,37,20  24,17,13  29,30,13  43,27,16  43,35,14  44,20,16  37,15,15  36,35,11  27,16,15  31,16,17  38,17,18  41,23,12  45,26,20  43,32,14  44,13,18  47,27,16  40,18,16  27,11,18  41,11,15  32,36,20  37,35,11  39,30,11  16,38,19  3,32,12  5,30,11  1,36,15  9,30,19  26,48,17  7,37,13  24,42,11  15,45,13  14,45,14  26,37,20  4,41,18  16,50,12  5,34,20  16,31,14  20,50,11  19,42,17  4,48,11  17,50,18  16,43,13  18,40,11  25,41,17  20,37,14  5,32,16  17,48,12  7,47,19  6,47,19  26,50,20  23,32,13  24,50,11  6,34,17  20,48,11  3,40,11  12,42,16  1,34,18  5,31,12  14,39,16  17,41,18  20,36,15  17,37,12  14,33,18  13,48,17  24,36,20  25,47,14  2,34,18  26,46,13  7,33,18  10,50,20  12,49,13  2,47,15  21,45,20  20,46,11  5,50,19  18,46,15  3,36,14  10,44,15  26,49,15  5,45,17  9,34,11  8,44,11  25,48,16  1,45,15  5,33,18  10,41,16  16,35,20  14,31,16  26,44,12  7,46,12
