!----------------------------------------------------------------
!Trucks: (total #, capacity, cost per distance, fixcost)
13,630,1,0
!----------------------------------------------------------------
!CityFreighters: (max cf/sat, total #, cap, cost/dist, fixcost)
167,167,70,1,0
!----------------------------------------------------------------
!Stores: (first: depot x,y; then: satellites x,y
0,0  96,64  33,73  41,89  11,78  45,98  64,90  64,97  80,93  92,20  10,51  7,4  49,2  58,97  54,54  62,20
!----------------------------------------------------------------
!Customers: (x,y,demand)
45,35,13  45,35,13  16,36,16  18,1,16  15,5,13  46,23,12  34,18,19  11,2,20  32,30,17  11,24,20  45,22,17  51,10,13  45,21,20  37,23,20  21,5,19  42,21,16  11,31,14  33,25,18  30,21,13  14,5,20  50,29,15  12,3,16  17,26,18  39,24,18  48,22,16  44,26,19  26,28,15  35,13,20  38,22,16  11,11,15  22,26,11  1,13,18  34,31,18  35,17,18  10,7,12  9,33,19  36,32,11  5,9,19  8,11,16  35,35,14  34,30,11  9,26,19  43,13,18  50,14,19  26,11,20  23,30,13  45,23,15  6,18,16  44,11,13  46,14,19  38,30,12  29,29,13  26,17,19  26,23,13  22,13,13  10,34,19  6,13,14  40,36,19  33,32,11  24,16,13  23,16,20  46,36,19  41,22,20  8,18,17  19,4,16  7,36,15  29,8,17  13,31,12  27,9,11  43,20,12  36,18,18  16,6,11  3,31,16  2,21,14  26,29,11  3,15,19  25,23,18  31,34,19  32,23,18  31,13,16  43,36,17  44,34,20  31,27,12  49,35,14  4,36,14  43,10,18  8,23,15  4,31,13  42,6,19  14,22,14  37,19,18  33,2,13  12,23,19  24,9,20  4,5,11  3,36,15  24,31,12  3,20,19  14,14,16  11,25,13  15,17,13  90,39,17  96,25,20  93,56,18  67,24,18  79,53,12  58,41,16  92,51,19  69,71,19  74,55,19  49,76,11  64,68,16  98,42,20  72,35,13  51,37,20  68,32,13  61,38,11  71,49,17  50,69,11  94,42,14  54,38,12  76,56,11  66,76,18  82,27,13  65,56,11  50,45,17  90,42,18  73,73,15  95,73,14  74,76,20  59,36,18  77,30,13  70,67,12  61,60,16  66,67,14  64,31,20  54,50,18  84,37,19  92,30,17  79,39,14  96,33,16  100,23,12  75,30,12  64,37,20  57,59,19  83,60,19  99,74,15  83,40,11  60,35,12  61,61,12  97,68,19  65,38,11  57,64,16  80,27,15  55,26,11  90,41,12  60,26,17  57,25,20  74,31,13  87,55,16  60,28,12  93,46,14  74,52,14  86,62,19  90,28,20  71,27,20  91,54,12  99,26,12  71,67,20  62,43,18  54,32,20  74,54,20  92,72,14  85,33,16  56,59,18  98,26,17  81,39,16  64,53,14  88,33,11  85,68,19  82,49,13  75,66,15  95,59,19  61,57,14  74,28,13  56,62,14  99,42,13  68,52,13  86,67,11  62,66,13  73,37,16  79,75,12  65,76,17  53,41,18  55,54,13  67,74,11  93,53,19  73,55,15  64,38,19  87,40,18  90,34,12  32,98,15  49,94,16  30,68,13  3,80,14  49,92,16  32,87,17  49,65,16  15,69,16  11,66,17  43,73,14  9,85,11  2,76,14  31,79,11  9,76,11  7,63,18  23,69,20  13,81,14  31,87,15  42,77,16  21,98,19  32,77,14  23,96,13  50,74,15  51,66,20  18,67,18  45,86,15  32,64,14  14,99,12  11,73,17  27,80,15  44,96,17  30,95,14  40,87,20  8,94,13  36,97,14  29,86,16  21,100,11  1,80,17  19,82,17  46,82,14  5,95,13  5,70,16  42,73,18  18,75,16  26,85,13  31,91,17  21,97,16  20,80,20  27,94,16  38,87,13  39,65,15  30,70,12  28,100,11  5,94,18  35,65,14  16,90,15  8,66,19  5,96,18  19,67,18  44,71,13  21,65,12  50,88,11  29,100,12  1,90,20  7,90,18  38,98,16  10,97,15  43,84,17  16,89,17  37,90,14  28,74,14  12,75,14  44,69,17  32,68,17  39,70,11  46,64,14  30,64,16  3,77,19  8,76,14  32,99,16  18,96,15  46,94,16  36,75,18  8,73,17  23,64,15  46,90,18  41,73,18  13,92,19  4,68,18  30,77,20  21,79,13  25,68,14  6,85,18  24,95,14  27,90,11  37,71,11  39,99,13  31,96,12  8,86,11  50,84,15
