!----------------------------------------------------------------
!Trucks: (total #, capacity, cost per distance, fixcost)
14,630,1,0
!----------------------------------------------------------------
!CityFreighters: (max cf/sat, total #, cap, cost/dist, fixcost)
170,170,70,1,0
!----------------------------------------------------------------
!Stores: (first: depot x,y; then: satellites x,y
0,0  82,34  77,69  75,92  21,17  22,98  2,65  31,53  36,94  35,98  32,81  6,82  61,43  35,4  6,2  28,82
!----------------------------------------------------------------
!Customers: (x,y,demand)
2,11,13  2,11,13  31,32,19  5,30,20  44,24,17  18,35,16  12,21,13  40,8,11  1,14,17  42,20,12  42,8,20  51,27,15  2,20,12  44,34,20  20,29,14  23,14,16  11,21,19  24,36,16  35,2,15  27,21,17  42,18,19  39,15,20  26,9,13  18,25,16  26,26,11  12,28,14  39,27,20  28,21,13  32,2,18  46,35,14  4,11,17  29,10,15  14,36,20  50,4,18  31,17,14  38,22,15  40,22,16  11,35,17  12,27,19  35,9,16  39,24,11  22,6,16  30,36,11  22,22,19  38,25,17  42,32,14  14,6,19  25,31,18  33,26,17  14,28,16  36,25,18  31,23,12  36,3,11  6,23,18  16,6,17  5,34,16  36,16,20  4,13,13  50,25,17  19,19,11  49,22,16  24,5,20  44,33,19  4,2,14  27,5,13  17,3,14  17,22,17  33,6,12  45,7,13  5,35,13  33,36,17  43,17,17  3,8,15  14,18,11  26,22,12  49,34,11  39,7,13  50,2,14  2,23,13  51,29,17  13,17,12  48,8,18  39,36,20  15,4,20  9,20,19  39,2,20  30,4,13  21,34,17  7,16,16  48,20,16  9,18,16  22,32,15  49,25,14  43,5,14  12,10,20  21,25,11  14,23,20  51,35,18  46,19,13  39,4,20  35,14,16  69,60,15  90,49,17  54,30,17  49,32,11  89,76,12  86,35,13  83,50,14  55,30,14  52,50,14  75,24,20  93,40,12  67,41,20  81,37,12  73,67,14  62,27,15  98,32,16  60,23,13  66,39,15  58,70,17  61,28,18  87,46,20  66,40,13  80,24,11  85,27,15  67,48,18  53,51,13  85,28,20  72,60,18  95,29,16  64,54,12  96,28,18  78,46,16  95,44,17  84,62,11  65,25,14  73,37,19  89,49,15  58,69,15  68,38,13  78,70,20  75,54,11  77,43,11  85,60,13  74,45,14  59,23,16  97,73,12  54,67,17  100,46,13  57,41,17  49,66,13  51,41,11  61,65,16  77,39,16  68,24,20  97,55,18  52,36,17  74,60,16  62,43,20  64,74,18  76,24,15  84,39,20  73,25,18  57,38,19  64,61,12  85,72,13  55,70,15  78,65,13  77,35,20  62,47,16  59,69,18  96,53,20  95,31,17  89,35,19  93,33,13  54,68,15  84,49,13  91,35,20  49,75,17  92,60,13  67,58,18  49,70,19  84,33,17  66,41,16  88,40,15  69,63,18  70,44,18  64,60,14  88,72,14  92,71,18  67,42,11  82,30,20  60,28,18  58,40,13  89,36,19  90,48,11  83,46,13  77,45,20  57,52,16  92,30,17  90,65,17  18,99,16  34,70,13  29,96,20  26,79,16  50,95,19  11,70,12  42,82,18  48,95,20  37,87,19  2,86,13  19,83,13  45,76,20  36,89,20  40,68,15  9,64,16  5,91,16  4,70,14  17,65,17  42,86,18  51,73,11  16,86,18  11,74,15  5,84,16  47,66,18  48,84,17  44,70,19  5,64,15  21,67,15  35,100,12  10,92,18  27,84,20  9,75,12  26,85,17  18,86,12  41,85,11  7,80,16  27,64,19  43,67,19  27,69,17  6,83,15  3,85,14  35,97,18  31,70,15  31,85,17  35,77,18  33,81,20  41,96,15  33,94,20  1,71,12  14,84,16  36,95,11  23,79,16  20,72,13  16,98,11  30,100,15  42,68,16  25,87,18  41,74,14  9,84,19  40,85,11  34,93,12  37,98,20  49,92,18  49,63,14  1,95,17  47,100,11  34,73,11  2,69,15  29,95,14  30,89,15  19,82,20  49,73,17  11,84,14  10,75,18  9,81,20  38,100,13  21,68,11  8,82,20  46,95,19  38,80,16  19,97,13  11,82,16  13,80,19  21,75,19  39,90,18  43,64,14  18,72,17  15,66,13  30,81,17  28,80,17  26,66,16  6,79,17  28,73,18  49,91,19  12,90,14  1,65,13  1,86,18  4,97,14  8,73,14  4,78,20
