!----------------------------------------------------------------
!Trucks: (total #, capacity, cost per distance, fixcost)
6,1350,1,0
!----------------------------------------------------------------
!CityFreighters: (max cf/sat, total #, cap, cost/dist, fixcost)
77,77,150,1,0
!----------------------------------------------------------------
!Stores: (first: depot x,y; then: satellites x,y
0,0  52,29  41,48  19,11  58,20  21,52  54,91  8,91  75,30  98,67  82,12  70,6  36,22  87,87  90,22  53,82
!----------------------------------------------------------------
!Customers: (x,y,demand)
74,21,14  74,21,14  27,9,20  79,38,16  74,82,13  12,42,15  85,36,20  85,5,18  72,42,17  7,16,14  61,44,20  15,62,17  6,40,11  37,28,15  37,79,19  86,90,13  97,33,18  79,16,17  40,98,18  16,4,17  47,27,19  44,93,12  20,79,16  66,7,16  91,42,12  65,87,18  21,9,11  89,96,16  39,46,14  77,53,12  72,71,14  4,50,13  53,95,16  29,19,15  29,11,18  48,38,19  40,88,20  47,13,15  36,53,19  54,85,16  68,69,13  38,34,16  15,94,18  42,28,17  69,97,19  91,72,16  49,37,19  22,37,11  8,92,13  90,35,16  78,93,20  42,62,14  10,21,19  51,8,20  21,21,12  41,65,14  6,38,16  1,86,12  10,58,13  6,69,19  56,68,17  74,77,20  51,86,16  46,33,17  78,15,16  70,37,12  13,39,15  69,60,14  9,54,20  91,63,12  26,21,18  12,3,12  13,94,20  11,38,14  69,15,11  7,53,18  23,43,11  31,36,17  25,28,20  28,26,15  27,28,15  19,44,17  17,36,20  21,38,16  29,30,13  23,41,13  17,42,20  24,34,17  20,40,16  34,41,19  35,37,15  28,29,13  38,26,12  25,32,17  30,31,11  30,36,11  26,36,18  29,29,15  33,30,11  23,30,18  20,38,20  28,35,14  37,31,15  35,42,11  33,27,11  24,39,14  27,24,15  26,32,17  24,29,14  29,33,12  26,41,14  33,42,15  37,32,20  34,45,11  35,35,19  30,24,13  19,25,18  36,37,13  37,26,13  30,25,17  28,30,19  21,25,15  23,25,13  38,40,15  34,44,12  34,38,13  34,34,18  35,38,16  31,24,16  27,33,11  35,32,16  27,34,12  29,42,19  18,29,20  27,37,15  32,33,18  18,44,15  34,31,14  27,29,15  22,32,17  33,24,15  22,35,13  34,39,16  22,27,12  27,42,14  21,37,12  36,27,12  32,30,13  29,24,17  31,43,19  27,43,12  67,46,18  71,39,13  79,52,13  78,44,14  69,49,14  84,38,17  69,48,13  71,48,11  78,46,15  85,54,15  68,51,18  69,51,15  66,45,14  76,54,18  74,56,17  70,44,16  68,58,16  73,52,11  76,43,13  79,46,14  80,55,17  68,49,12  77,57,19  80,52,12  76,38,12  74,51,11  87,58,18  86,49,13  76,42,12  82,41,12  69,52,18  85,56,15  66,40,11  80,45,20  87,53,18  67,50,16  83,49,15  70,53,17  77,47,11  86,53,16  86,47,17  77,56,13  83,38,12  72,48,20  68,56,11  67,38,20  82,44,15  78,51,20  70,40,16  74,55,19  83,53,14  68,55,20  79,49,12  80,40,12  86,57,12  72,44,12  72,53,12  67,54,13  77,42,14  77,45,18  66,47,20  68,43,16  67,40,11  82,47,11  80,56,12  77,38,17  83,52,18  82,38,20  87,43,17  71,41,16  72,47,14  71,49,14  70,51,14  83,43,13  78,39,13  34,78,13  34,86,20  48,85,15  39,78,17  47,80,15  32,78,11  38,82,15  52,84,16  32,67,16  50,68,15  39,71,16  46,70,13  40,75,16  43,86,12  40,72,14  43,82,14  31,73,14  40,71,18  50,84,14  39,70,15  31,71,13  40,83,12  51,80,13  37,85,17  43,67,11  50,82,18  35,76,18  38,72,17  44,81,16  52,83,16  47,70,14  40,68,16  37,66,14  39,76,20  35,86,18  47,76,13  41,83,17  31,86,15  42,80,20  33,83,14  42,75,14  50,67,14  50,70,13  33,72,12  52,85,12  44,71,20  41,82,15  52,78,16  41,71,16  51,71,15  51,81,20  36,77,13  44,68,19  33,68,20  52,76,16  42,71,19  49,81,16  38,77,18  47,69,12  34,74,16  45,81,18  37,69,11  49,85,13  48,82,20  35,80,17  45,68,12  45,71,11  50,77,11  42,77,17  34,83,14  36,69,16  49,73,12  52,74,18  46,79,14  39,83,17
