!----------------------------------------------------------------
!Trucks: (total #, capacity, cost per distance, fixcost)
5,630,1,0
!----------------------------------------------------------------
!CityFreighters: (max cf/sat, total #, cap, cost/dist, fixcost)
56,56,70,1,0
!----------------------------------------------------------------
!Stores: (first: depot x,y; then: satellites x,y
0,0  1,3  3,36  1,49  18,21  22,48  10,13  12,23  5,43  23,5  36,37
!----------------------------------------------------------------
!Customers: (x,y,demand)
37,42,12  37,42,12  42,29,19  17,39,16  47,1,13  43,4,13  2,28,16  13,46,18  48,44,11  20,25,20  30,18,17  28,31,20  47,45,18  9,22,14  16,15,11  43,50,19  7,6,18  30,14,18  2,18,19  28,8,13  32,48,15  35,31,16  6,43,12  43,40,19  27,16,12  39,14,17  16,20,17  14,19,19  13,24,18  11,15,12  12,13,16  20,18,18  15,14,15  18,20,20  10,22,12  19,18,11  19,20,15  13,15,12  10,16,17  13,13,14  20,23,15  16,19,15  12,18,19  13,16,11  19,19,20  12,17,11  18,23,17  10,15,17  12,20,12  12,24,15  15,24,13  41,24,16  45,24,11  39,28,13  45,29,12  44,31,11  43,25,17  39,20,14  37,25,17  38,23,20  37,29,15  45,30,11  43,26,19  45,20,20  38,22,15  40,27,20  42,20,20  42,21,15  34,24,19  44,26,13  40,25,11  40,29,16  45,31,19  43,29,17  40,23,13  35,27,13  18,40,11  19,37,16  20,45,19  18,37,11  21,43,20  17,34,16  19,34,18  22,45,13  26,43,11  20,39,16  17,35,16  26,44,16  27,39,18  24,39,18  27,40,13  20,38,20  24,44,12  22,37,19  24,43,15  24,38,20  17,36,12  26,41,16  24,45,19  21,44,12  25,43,14
