!----------------------------------------------------------------
!Trucks: (total #, capacity, cost per distance, fixcost)
9,630,1,0
!----------------------------------------------------------------
!CityFreighters: (max cf/sat, total #, cap, cost/dist, fixcost)
110,110,70,1,0
!----------------------------------------------------------------
!Stores: (first: depot x,y; then: satellites x,y
0,0  3,49  10,28  31,25  44,31  31,5  20,19  50,25  31,9  33,45  9,16
!----------------------------------------------------------------
!Customers: (x,y,demand)
38,8,20  38,8,20  8,1,11  1,47,17  21,33,11  26,49,17  11,44,14  44,41,13  26,34,11  47,32,15  27,49,20  12,37,17  5,16,12  13,32,11  47,21,15  6,14,16  1,38,18  19,21,17  42,1,17  21,37,14  40,5,12  13,27,12  22,7,19  23,22,11  48,13,15  26,15,11  29,6,15  40,46,11  47,17,15  3,11,17  39,9,13  25,3,18  45,48,11  33,50,17  24,19,16  40,40,11  29,35,19  21,11,20  40,18,19  9,3,17  40,49,14  20,48,17  38,46,15  18,14,17  16,1,15  30,8,12  20,2,16  48,16,12  20,27,16  20,47,11  42,46,16  20,14,19  10,13,18  11,23,11  11,17,17  14,24,18  18,21,13  13,24,18  16,16,14  17,23,16  20,23,20  19,16,14  12,23,12  17,20,16  13,16,12  15,19,12  16,18,14  17,16,12  16,21,17  10,16,20  10,24,14  18,20,18  15,21,19  18,19,16  14,22,20  14,19,11  13,15,11  16,13,14  15,24,20  12,17,16  17,18,16  19,18,19  12,21,13  18,17,17  17,13,11  20,15,15  14,16,15  11,15,20  17,19,19  11,14,14  12,15,12  15,15,18  18,15,20  11,21,14  10,17,20  15,22,11  11,24,15  20,18,20  19,17,19  13,22,13  12,22,18  41,29,18  37,29,16  42,25,18  35,21,18  45,21,13  44,29,12  38,21,17  35,31,11  41,20,20  44,26,12  36,28,11  43,31,14  37,22,12  34,30,12  38,31,12  41,25,19  40,21,15  39,31,19  39,26,20  45,24,18  42,21,11  35,23,16  36,31,14  45,25,16  41,27,17  34,26,15  42,31,16  35,26,12  34,23,17  36,29,14  44,24,18  35,25,12  40,26,15  43,21,11  36,23,18  43,25,15  45,20,12  39,23,11  37,30,12  42,23,16  43,24,19  34,28,12  41,21,19  41,31,14  36,25,15  37,20,11  36,30,11  45,28,16  43,26,15  34,22,19  23,45,14  18,43,13  18,38,15  17,41,20  26,35,16  25,34,20  21,35,19  24,41,20  18,36,16  27,40,19  19,44,16  26,38,15  26,43,15  19,35,17  19,40,18  19,38,17  27,42,13  26,39,16  22,41,12  22,45,15  22,40,11  20,43,11  23,35,14  18,42,12  17,35,20  22,37,19  23,41,18  24,37,12  23,44,11  17,36,12  23,42,14  24,35,19  20,40,16  22,42,14  21,43,16  25,45,15  26,36,20  25,43,16  25,37,20  19,39,13  21,45,15  18,40,19  19,37,16  20,37,14  21,40,19  17,45,12  24,39,19  23,43,11  27,39,19  19,34,18
