!----------------------------------------------------------------
!Trucks: (total #, capacity, cost per distance, fixcost)
5,1350,1,0
!----------------------------------------------------------------
!CityFreighters: (max cf/sat, total #, cap, cost/dist, fixcost)
53,53,150,1,0
!----------------------------------------------------------------
!Stores: (first: depot x,y; then: satellites x,y
0,0  16,24  12,24  17,33  43,49  26,50  31,14  33,39  11,49  30,39  40,27  50,32  8,42  7,22  42,34  1,10
!----------------------------------------------------------------
!Customers: (x,y,demand)
37,34,19  37,34,19  28,37,13  34,6,19  44,4,14  11,37,16  21,4,20  2,11,12  39,38,12  26,28,15  49,1,15  34,26,15  38,16,14  16,5,19  13,27,15  40,3,15  6,23,17  31,49,16  30,14,17  48,12,19  42,38,13  23,27,11  50,43,13  18,8,18  11,1,16  41,38,19  9,47,12  12,23,12  20,21,13  37,4,16  12,12,20  32,1,14  46,20,16  14,33,18  13,14,13  50,36,14  43,18,17  16,14,13  10,11,16  29,25,11  26,43,17  12,45,18  22,36,18  50,47,17  38,37,13  21,28,19  41,44,16  12,26,12  30,1,16  45,10,17  48,35,18  46,48,18  10,24,11  29,23,20  22,15,11  16,43,13  28,11,20  26,19,14  31,7,11  40,30,17  18,30,13  43,14,15  19,50,11  3,48,17  2,30,13  29,42,14  37,40,19  22,35,19  18,48,18  38,7,11  29,27,20  31,25,12  42,22,16  10,31,20  50,4,12  38,38,15  24,28,20  47,34,15  47,43,20  50,48,13  33,6,20  24,13,16  41,46,12  25,12,20  49,47,18  46,39,19  7,29,11  40,41,16  37,8,19  15,2,19  44,43,18  31,31,19  47,42,17  21,1,11  13,28,11  16,16,18  44,46,11  40,13,17  1,27,20  3,43,12  9,17,19  15,6,11  41,14,17  50,46,20  40,43,18  22,4,12  46,5,17  50,17,17  10,50,20  18,43,13  8,7,16  37,16,18  42,39,19  20,9,16  3,4,13  25,2,14  29,43,17  30,33,17  11,32,14  23,19,17  15,32,20  3,10,11  5,19,15  13,47,12  25,49,16  23,16,18  49,2,12  32,33,19  43,26,16  4,24,17  18,40,11  25,32,15  22,1,20  39,34,18  1,36,20  8,12,19  4,11,17  43,27,15  42,35,17  27,47,17  47,38,12  10,35,12  26,1,17  37,49,20  24,32,16  12,39,11  20,37,15  6,21,15  38,11,14  29,14,13  43,13,20  47,33,13  12,25,18  42,41,18  31,3,16  29,20,18  47,15,16  23,22,11  27,44,11  35,40,14  17,26,20  48,20,20  32,39,13  9,24,11  41,49,14  31,33,18  16,22,17  47,40,14  24,48,18  48,37,13  36,19,12  4,33,20  45,43,12  33,15,16  10,48,15  47,8,17  31,21,14  17,8,17  5,34,15  7,4,16  8,18,11  11,46,18  48,8,13  35,17,19  45,35,13  25,50,13  13,12,11  42,13,13  26,14,18  15,12,16  24,49,14  15,47,15  35,12,13  2,42,18  42,49,11  44,22,12  28,32,19  35,34,19  20,32,20  16,13,16  46,28,19
