0;4;1;0
4;0;1;0
0;1;1;1
1;6;1;1
6;5;1;1
5;0;1;1
0;13;1;2
13;8;1;2
8;11;1;2
11;0;1;2
0;2;1;3
2;3;1;3
3;7;1;3
7;0;1;3
0;14;1;4
14;0;1;4
0;9;1;5
9;0;1;5
0;11;1;6
11;0;1;6
1;96;1;7
96;58;1;7
58;19;1;7
19;49;1;7
49;116;1;7
116;125;1;7
125;29;1;7
29;87;1;7
87;35;1;7
35;109;1;7
109;1;1;7
1;101;1;8
101;163;1;8
163;123;1;8
123;91;1;8
91;86;1;8
86;122;1;8
122;48;1;8
48;156;1;8
156;88;1;8
88;1;1;8
2;33;1;9
33;166;1;9
166;138;1;9
138;105;1;9
105;119;1;9
119;159;1;9
159;2;1;9
2;247;1;10
247;262;1;10
262;244;1;10
244;208;1;10
208;173;1;10
173;312;1;10
312;171;1;10
171;219;1;10
219;306;1;10
306;183;1;10
183;2;1;10
3;286;1;11
286;307;1;11
307;195;1;11
195;242;1;11
242;3;1;11
3;269;1;12
269;264;1;12
264;254;1;12
254;310;1;12
310;292;1;12
292;301;1;12
301;278;1;12
278;231;1;12
231;215;1;12
215;3;1;12
3;177;1;13
177;237;1;13
237;245;1;13
245;281;1;13
281;291;1;13
291;209;1;13
209;203;1;13
203;273;1;13
273;308;1;13
308;277;1;13
277;3;1;13
3;190;1;14
190;313;1;14
313;285;1;14
285;205;1;14
205;185;1;14
185;299;1;14
299;309;1;14
309;196;1;14
196;271;1;14
271;3;1;14
3;222;1;15
222;202;1;15
202;293;1;15
293;175;1;15
175;294;1;15
294;249;1;15
249;167;1;15
167;239;1;15
239;179;1;15
179;261;1;15
261;3;1;15
3;238;1;16
238;191;1;16
191;181;1;16
181;216;1;16
216;187;1;16
187;212;1;16
212;302;1;16
302;296;1;16
296;240;1;16
240;3;1;16
4;26;1;17
26;64;1;17
64;16;1;17
16;17;1;17
17;79;1;17
79;149;1;17
149;103;1;17
103;50;1;17
50;127;1;17
127;4;1;17
4;135;1;18
135;161;1;18
161;120;1;18
120;77;1;18
77;18;1;18
18;160;1;18
160;4;1;18
4;74;1;19
74;75;1;19
75;94;1;19
94;130;1;19
130;99;1;19
99;89;1;19
89;46;1;19
46;66;1;19
66;41;1;19
41;4;1;19
4;20;1;20
20;42;1;20
42;97;1;20
97;155;1;20
155;53;1;20
53;121;1;20
121;158;1;20
158;36;1;20
36;151;1;20
151;4;1;20
5;233;1;21
233;300;1;21
300;290;1;21
290;213;1;21
213;221;1;21
221;232;1;21
232;169;1;21
169;142;1;21
142;5;1;21
6;248;1;22
248;280;1;22
280;304;1;22
304;178;1;22
178;168;1;22
168;267;1;22
267;259;1;22
259;198;1;22
198;180;1;22
180;6;1;22
6;172;1;23
172;256;1;23
256;188;1;23
188;218;1;23
218;227;1;23
227;228;1;23
228;250;1;23
250;197;1;23
197;279;1;23
279;268;1;23
268;6;1;23
7;107;1;24
107;131;1;24
131;55;1;24
55;144;1;24
144;124;1;24
124;54;1;24
54;93;1;24
93;145;1;24
145;154;1;24
154;31;1;24
31;7;1;24
7;30;1;25
30;62;1;25
62;61;1;25
61;7;1;25
8;226;1;26
226;272;1;26
272;192;1;26
192;174;1;26
174;200;1;26
200;265;1;26
265;229;1;26
229;201;1;26
201;182;1;26
182;225;1;26
225;8;1;26
8;207;1;27
207;253;1;27
253;252;1;27
252;246;1;27
246;230;1;27
230;303;1;27
303;314;1;27
314;234;1;27
234;243;1;27
243;8;1;27
8;258;1;28
258;275;1;28
275;235;1;28
235;236;1;28
236;276;1;28
276;241;1;28
241;8;1;28
8;282;1;29
282;217;1;29
217;170;1;29
170;184;1;29
184;199;1;29
199;266;1;29
266;283;1;29
283;220;1;29
220;288;1;29
288;251;1;29
251;8;1;29
8;176;1;30
176;223;1;30
223;189;1;30
189;295;1;30
295;257;1;30
257;297;1;30
297;214;1;30
214;289;1;30
289;8;1;30
8;311;1;31
311;194;1;31
194;255;1;31
255;305;1;31
305;298;1;31
298;287;1;31
287;284;1;31
284;8;1;31
8;224;1;32
224;260;1;32
260;263;1;32
263;204;1;32
204;210;1;32
210;274;1;32
274;206;1;32
206;211;1;32
211;186;1;32
186;8;1;32
9;152;1;33
152;147;1;33
147;134;1;33
134;114;1;33
114;81;1;33
81;39;1;33
39;9;1;33
9;140;1;34
140;126;1;34
126;150;1;34
150;106;1;34
106;95;1;34
95;59;1;34
59;110;1;34
110;112;1;34
112;73;1;34
73;9;1;34
11;98;1;35
98;63;1;35
63;85;1;35
85;108;1;35
108;78;1;35
78;111;1;35
111;132;1;35
132;82;1;35
82;129;1;35
129;80;1;35
80;11;1;35
13;52;1;36
52;148;1;36
148;118;1;36
118;69;1;36
69;72;1;36
72;24;1;36
24;45;1;36
45;117;1;36
117;13;1;36
13;90;1;37
90;193;1;37
193;270;1;37
270;164;1;37
164;84;1;37
84;68;1;37
68;141;1;37
141;65;1;37
65;21;1;37
21;13;1;37
13;71;1;38
71;137;1;38
137;67;1;38
67;115;1;38
115;76;1;38
76;139;1;38
139;143;1;38
143;28;1;38
28;92;1;38
92;13;1;38
14;51;1;39
51;38;1;39
38;40;1;39
40;22;1;39
22;104;1;39
104;60;1;39
60;25;1;39
25;165;1;39
165;14;1;39
14;157;1;40
157;133;1;40
133;83;1;40
83;153;1;40
153;128;1;40
128;32;1;40
32;23;1;40
23;102;1;40
102;162;1;40
162;14;1;40
14;57;1;41
57;34;1;41
34;44;1;41
44;70;1;41
70;14;1;41
14;37;1;42
37;43;1;42
43;47;1;42
47;100;1;42
100;136;1;42
136;146;1;42
146;113;1;42
113;27;1;42
27;56;1;42
56;14;1;42
