0;4;1;0
4;0;1;0
0;9;1;1
9;15;1;1
15;0;1;1
0;11;1;2
11;0;1;2
0;14;1;3
14;0;1;3
0;12;1;4
12;0;1;4
0;11;1;5
11;10;1;5
10;14;1;5
14;2;1;5
2;4;1;5
4;0;1;5
0;5;1;6
5;3;1;6
3;4;1;6
4;10;1;6
10;11;1;6
11;0;1;6
0;15;1;7
15;1;1;7
1;0;1;7
1;179;1;8
179;161;1;8
161;195;1;8
195;204;1;8
204;1;1;8
1;166;1;9
166;162;1;9
162;144;1;9
144;188;1;9
188;1;1;9
1;202;1;10
202;128;1;10
128;135;1;10
135;177;1;10
177;1;1;10
1;197;1;11
197;143;1;11
143;145;1;11
145;207;1;11
207;1;1;11
1;198;1;12
198;212;1;12
212;182;1;12
182;119;1;12
119;1;1;12
1;175;1;13
175;121;1;13
121;196;1;13
196;123;1;13
123;1;1;13
1;138;1;14
138;208;1;14
208;211;1;14
211;124;1;14
124;1;1;14
2;222;1;15
222;234;1;15
234;252;1;15
252;261;1;15
261;2;1;15
2;287;1;16
287;268;1;16
268;219;1;16
219;293;1;16
293;243;1;16
243;2;1;16
2;299;1;17
299;235;1;17
235;259;1;17
259;303;1;17
303;2;1;17
2;312;1;18
312;291;1;18
291;267;1;18
267;271;1;18
271;290;1;18
290;2;1;18
2;232;1;19
232;277;1;19
277;301;1;19
301;308;1;19
308;2;1;19
2;126;1;20
126;239;1;20
239;289;1;20
289;276;1;20
276;226;1;20
226;2;1;20
2;306;1;21
306;246;1;21
246;229;1;21
229;237;1;21
237;2;1;21
3;242;1;22
242;256;1;22
256;284;1;22
284;249;1;22
249;3;1;22
3;217;1;23
217;269;1;23
269;279;1;23
279;296;1;23
296;251;1;23
251;3;1;23
3;311;1;24
311;263;1;24
263;238;1;24
238;310;1;24
310;265;1;24
265;3;1;24
3;302;1;25
302;278;1;25
278;221;1;25
221;218;1;25
218;3;1;25
3;286;1;26
286;314;1;26
314;248;1;26
248;262;1;26
262;266;1;26
266;3;1;26
4;220;1;27
220;254;1;27
254;228;1;27
228;294;1;27
294;4;1;27
4;250;1;28
250;283;1;28
283;244;1;28
244;253;1;28
253;236;1;28
236;4;1;28
4;281;1;29
281;274;1;29
274;257;1;29
257;270;1;29
270;4;1;29
4;230;1;30
230;245;1;30
245;288;1;30
288;4;1;30
4;233;1;31
233;255;1;31
255;264;1;31
264;307;1;31
307;4;1;31
4;258;1;32
258;305;1;32
305;300;1;32
300;295;1;32
295;4;1;32
4;227;1;33
227;309;1;33
309;280;1;33
280;4;1;33
4;224;1;34
224;241;1;34
241;275;1;34
275;260;1;34
260;4;1;34
4;304;1;35
304;297;1;35
297;272;1;35
272;285;1;35
285;4;1;35
5;298;1;36
298;247;1;36
247;313;1;36
313;282;1;36
282;5;1;36
9;117;1;37
117;171;1;37
171;142;1;37
142;215;1;37
215;9;1;37
9;118;1;38
118;191;1;38
191;183;1;38
183;157;1;38
157;9;1;38
9;153;1;39
153;163;1;39
163;192;1;39
192;155;1;39
155;9;1;39
9;216;1;40
216;194;1;40
194;189;1;40
189;169;1;40
169;139;1;40
139;9;1;40
9;156;1;41
156;154;1;41
154;180;1;41
180;9;1;41
10;32;1;42
32;83;1;42
83;38;1;42
38;61;1;42
61;112;1;42
112;10;1;42
10;100;1;43
100;111;1;43
111;88;1;43
88;103;1;43
103;10;1;43
10;81;1;44
81;51;1;44
51;71;1;44
71;18;1;44
18;10;1;44
10;231;1;45
231;273;1;45
273;225;1;45
225;10;1;45
11;114;1;46
114;116;1;46
116;105;1;46
105;108;1;46
108;11;1;46
11;92;1;47
92;69;1;47
69;42;1;47
42;90;1;47
90;46;1;47
46;11;1;47
11;35;1;48
35;20;1;48
20;37;1;48
37;23;1;48
23;11;1;48
11;70;1;49
70;68;1;49
68;75;1;49
75;76;1;49
76;11;1;49
11;50;1;50
50;45;1;50
45;54;1;50
54;110;1;50
110;11;1;50
11;109;1;51
109;60;1;51
60;84;1;51
84;82;1;51
82;11;1;51
11;79;1;52
79;63;1;52
63;113;1;52
113;89;1;52
89;11;1;52
11;87;1;53
87;30;1;53
30;80;1;53
80;19;1;53
19;11;1;53
11;53;1;54
53;47;1;54
47;91;1;54
91;72;1;54
72;11;1;54
11;25;1;55
25;115;1;55
115;57;1;55
57;102;1;55
102;11;1;55
12;64;1;56
64;101;1;56
101;104;1;56
104;12;1;56
12;85;1;57
85;31;1;57
31;78;1;57
78;28;1;57
28;12;1;57
12;27;1;58
27;59;1;58
59;65;1;58
65;58;1;58
58;12;1;58
12;22;1;59
22;34;1;59
34;94;1;59
94;33;1;59
33;12;1;59
12;49;1;60
49;43;1;60
43;95;1;60
95;107;1;60
107;12;1;60
12;39;1;61
39;44;1;61
44;106;1;61
106;86;1;61
86;12;1;61
14;74;1;62
74;48;1;62
48;29;1;62
29;26;1;62
26;14;1;62
14;209;1;63
209;136;1;63
136;122;1;63
122;185;1;63
185;14;1;63
14;160;1;64
160;165;1;64
165;149;1;64
149;199;1;64
199;14;1;64
14;17;1;65
17;97;1;65
97;96;1;65
96;73;1;65
73;14;1;65
14;127;1;66
127;150;1;66
150;148;1;66
148;184;1;66
184;14;1;66
14;213;1;67
213;187;1;67
187;125;1;67
125;137;1;67
137;14;1;67
14;193;1;68
193;203;1;68
203;133;1;68
133;178;1;68
178;140;1;68
140;14;1;68
14;130;1;69
130;99;1;69
99;77;1;69
77;141;1;69
141;14;1;69
14;190;1;70
190;201;1;70
201;168;1;70
168;205;1;70
205;14;1;70
14;55;1;71
55;93;1;71
93;52;1;71
52;66;1;71
66;16;1;71
16;14;1;71
14;152;1;72
152;210;1;72
210;14;1;72
14;240;1;73
240;134;1;73
134;223;1;73
223;292;1;73
292;14;1;73
15;159;1;74
159;214;1;74
214;167;1;74
167;151;1;74
151;15;1;74
15;132;1;75
132;146;1;75
146;164;1;75
164;176;1;75
176;172;1;75
172;15;1;75
15;41;1;76
41;62;1;76
62;21;1;76
21;40;1;76
40;15;1;76
15;158;1;77
158;174;1;77
174;206;1;77
206;129;1;77
129;131;1;77
131;15;1;77
15;56;1;78
56;24;1;78
24;67;1;78
67;98;1;78
98;15;1;78
15;186;1;79
186;36;1;79
36;170;1;79
170;173;1;79
173;15;1;79
15;147;1;80
147;200;1;80
200;181;1;80
181;120;1;80
120;15;1;80
