0;4;1;0
4;0;1;0
0;2;1;1
2;3;1;1
3;0;1;1
0;9;1;2
9;0;1;2
0;11;1;3
11;0;1;3
0;10;1;4
10;3;1;4
3;4;1;4
4;0;1;4
0;11;1;5
11;0;1;5
0;15;1;6
15;0;1;6
0;14;1;7
14;0;1;7
0;12;1;8
12;0;1;8
0;5;1;9
5;6;1;9
6;1;1;9
1;0;1;9
1;197;1;10
197;125;1;10
125;137;1;10
137;121;1;10
121;196;1;10
196;1;1;10
1;198;1;11
198;1;1;11
1;166;1;12
166;162;1;12
162;144;1;12
144;188;1;12
188;1;1;12
1;119;1;13
119;182;1;13
182;175;1;13
175;123;1;13
123;1;1;13
1;202;1;14
202;128;1;14
128;177;1;14
177;212;1;14
212;1;1;14
1;204;1;15
204;195;1;15
195;161;1;15
161;179;1;15
179;1;1;15
2;299;1;16
299;235;1;16
235;259;1;16
259;303;1;16
303;2;1;16
2;306;1;17
306;246;1;17
246;229;1;17
229;237;1;17
237;2;1;17
2;312;1;18
312;291;1;18
291;267;1;18
267;271;1;18
271;290;1;18
290;2;1;18
2;287;1;19
287;268;1;19
268;219;1;19
219;293;1;19
293;243;1;19
243;2;1;19
2;308;1;20
308;301;1;20
301;277;1;20
277;232;1;20
232;2;1;20
2;126;1;21
126;239;1;21
239;289;1;21
289;276;1;21
276;226;1;21
226;2;1;21
3;217;1;22
217;296;1;22
296;279;1;22
279;314;1;22
314;248;1;22
248;3;1;22
3;286;1;23
286;251;1;23
251;282;1;23
282;313;1;23
313;3;1;23
3;249;1;24
249;284;1;24
284;256;1;24
256;242;1;24
242;3;1;24
3;262;1;25
262;234;1;25
234;222;1;25
222;266;1;25
266;3;1;25
3;252;1;26
252;261;1;26
261;311;1;26
311;265;1;26
265;310;1;26
310;3;1;26
3;238;1;27
238;263;1;27
263;236;1;27
236;253;1;27
253;269;1;27
269;3;1;27
4;224;1;28
224;241;1;28
241;275;1;28
275;260;1;28
260;4;1;28
4;295;1;29
295;230;1;29
230;245;1;29
245;288;1;29
288;4;1;29
4;233;1;30
233;255;1;30
255;264;1;30
264;307;1;30
307;4;1;30
4;280;1;31
280;274;1;31
274;257;1;31
257;270;1;31
270;4;1;31
4;227;1;32
227;281;1;32
281;304;1;32
304;285;1;32
285;4;1;32
4;272;1;33
272;297;1;33
297;244;1;33
244;283;1;33
283;250;1;33
250;4;1;33
4;228;1;34
228;305;1;34
305;258;1;34
258;300;1;34
300;4;1;34
4;309;1;35
309;220;1;35
220;254;1;35
254;294;1;35
294;4;1;35
5;247;1;36
247;298;1;36
298;5;1;36
5;302;1;37
302;278;1;37
278;221;1;37
221;218;1;37
218;5;1;37
6;145;1;38
145;207;1;38
207;143;1;38
143;124;1;38
124;6;1;38
9;118;1;39
118;191;1;39
191;180;1;39
180;9;1;39
9;135;1;40
135;142;1;40
142;171;1;40
171;117;1;40
117;9;1;40
9;153;1;41
153;192;1;41
192;163;1;41
163;215;1;41
215;9;1;41
9;154;1;42
154;156;1;42
156;183;1;42
183;157;1;42
157;9;1;42
9;216;1;43
216;194;1;43
194;189;1;43
189;169;1;43
169;139;1;43
139;9;1;43
10;111;1;44
111;103;1;44
103;88;1;44
88;100;1;44
100;10;1;44
10;231;1;45
231;273;1;45
273;225;1;45
225;10;1;45
10;32;1;46
32;83;1;46
83;38;1;46
38;61;1;46
61;112;1;46
112;10;1;46
10;93;1;47
93;74;1;47
74;66;1;47
66;52;1;47
52;55;1;47
55;10;1;47
10;48;1;48
48;56;1;48
56;24;1;48
24;67;1;48
67;90;1;48
90;10;1;48
10;81;1;49
81;51;1;49
51;71;1;49
71;18;1;49
18;10;1;49
11;108;1;50
108;105;1;50
105;116;1;50
116;114;1;50
114;11;1;50
11;25;1;51
25;115;1;51
115;57;1;51
57;102;1;51
102;11;1;51
11;35;1;52
35;20;1;52
20;37;1;52
37;23;1;52
23;11;1;52
11;70;1;53
70;68;1;53
68;75;1;53
75;76;1;53
76;11;1;53
11;50;1;54
50;45;1;54
45;54;1;54
54;110;1;54
110;11;1;54
11;92;1;55
92;69;1;55
69;98;1;55
98;42;1;55
42;46;1;55
46;11;1;55
11;72;1;56
72;91;1;56
91;47;1;56
47;53;1;56
53;11;1;56
11;109;1;57
109;60;1;57
60;84;1;57
84;82;1;57
82;11;1;57
11;87;1;58
87;30;1;58
30;80;1;58
80;19;1;58
19;11;1;58
11;79;1;59
79;63;1;59
63;113;1;59
113;89;1;59
89;11;1;59
12;27;1;60
27;59;1;60
59;65;1;60
65;58;1;60
58;12;1;60
12;104;1;61
104;43;1;61
43;101;1;61
101;64;1;61
64;12;1;61
12;34;1;62
34;94;1;62
94;33;1;62
33;29;1;62
29;12;1;62
12;49;1;63
49;22;1;63
22;95;1;63
95;107;1;63
107;12;1;63
12;39;1;64
39;44;1;64
44;106;1;64
106;86;1;64
86;12;1;64
14;213;1;65
213;187;1;65
187;178;1;65
178;133;1;65
133;14;1;65
14;77;1;66
77;16;1;66
16;99;1;66
99;130;1;66
130;14;1;66
14;127;1;67
127;211;1;67
211;138;1;67
138;208;1;67
208;14;1;67
14;292;1;68
292;223;1;68
223;134;1;68
134;240;1;68
240;14;1;68
14;210;1;69
210;160;1;69
160;190;1;69
190;14;1;69
14;73;1;70
73;96;1;70
96;97;1;70
97;17;1;70
17;14;1;70
14;141;1;71
141;209;1;71
209;122;1;71
122;185;1;71
185;14;1;71
14;152;1;72
152;193;1;72
193;203;1;72
203;140;1;72
140;199;1;72
199;14;1;72
14;201;1;73
201;168;1;73
168;165;1;73
165;149;1;73
149;14;1;73
14;184;1;74
184;148;1;74
148;150;1;74
150;205;1;74
205;14;1;74
15;200;1;75
200;158;1;75
158;174;1;75
174;181;1;75
181;15;1;75
15;147;1;76
147;155;1;76
155;206;1;76
206;129;1;76
129;131;1;76
131;15;1;76
15;159;1;77
159;167;1;77
167;214;1;77
214;132;1;77
132;15;1;77
15;28;1;78
28;26;1;78
26;62;1;78
62;21;1;78
21;15;1;78
15;40;1;79
40;36;1;79
36;170;1;79
170;173;1;79
173;15;1;79
15;164;1;80
164;146;1;80
146;136;1;80
136;186;1;80
186;15;1;80
15;85;1;81
85;31;1;81
31;78;1;81
78;41;1;81
41;15;1;81
15;172;1;82
172;176;1;82
176;151;1;82
151;120;1;82
120;15;1;82
