0;10;1;0
10;0;1;0
0;8;1;1
8;7;1;1
7;13;1;1
13;14;1;1
14;0;1;1
0;15;1;2
15;0;1;2
0;9;1;3
9;0;1;3
0;15;1;4
15;0;1;4
0;2;1;5
2;15;1;5
15;12;1;5
12;4;1;5
4;6;1;5
6;5;1;5
5;0;1;5
0;2;1;6
2;0;1;6
0;3;1;7
3;2;1;7
2;10;1;7
10;11;1;7
11;1;1;7
1;0;1;7
1;310;1;8
310;257;1;8
257;298;1;8
298;84;1;8
84;1;1;8
1;91;1;9
91;32;1;9
32;35;1;9
35;53;1;9
53;1;1;9
1;279;1;10
279;269;1;10
269;252;1;10
252;87;1;10
87;1;1;10
2;127;1;11
127;147;1;11
147;159;1;11
159;116;1;11
116;2;1;11
2;152;1;12
152;142;1;12
142;95;1;12
95;137;1;12
137;2;1;12
2;130;1;13
130;145;1;13
145;99;1;13
99;107;1;13
107;117;1;13
117;2;1;13
2;94;1;14
94;128;1;14
128;131;1;14
131;120;1;14
120;2;1;14
2;109;1;15
109;104;1;15
104;165;1;15
165;67;1;15
67;2;1;15
2;113;1;16
113;144;1;16
144;102;1;16
102;64;1;16
64;2;1;16
2;100;1;17
100;163;1;17
163;166;1;17
166;141;1;17
141;105;1;17
105;2;1;17
2;123;1;18
123;125;1;18
125;146;1;18
146;115;1;18
115;2;1;18
2;153;1;19
153;42;1;19
42;136;1;19
136;111;1;19
111;2;1;19
2;157;1;20
157;158;1;20
158;139;1;20
139;75;1;20
75;2;1;20
2;161;1;21
161;106;1;21
106;143;1;21
143;150;1;21
150;2;1;21
2;140;1;22
140;112;1;22
112;119;1;22
119;138;1;22
138;2;1;22
3;76;1;23
76;77;1;23
77;3;1;23
4;41;1;24
41;292;1;24
292;251;1;24
251;307;1;24
307;4;1;24
4;253;1;25
253;297;1;25
297;273;1;25
273;250;1;25
250;29;1;25
29;4;1;25
4;61;1;26
61;218;1;26
218;25;1;26
25;46;1;26
46;36;1;26
36;4;1;26
4;284;1;27
284;249;1;27
249;303;1;27
303;28;1;27
28;4;1;27
5;56;1;28
56;5;1;28
5;63;1;29
63;78;1;29
78;89;1;29
89;80;1;29
80;5;1;29
6;31;1;30
31;52;1;30
52;37;1;30
37;24;1;30
24;6;1;30
6;18;1;31
18;6;1;31
8;21;1;32
21;85;1;32
85;8;1;32
8;34;1;33
34;59;1;33
59;45;1;33
45;8;1;33
8;68;1;34
68;40;1;34
40;88;1;34
88;50;1;34
50;8;1;34
9;126;1;35
126;134;1;35
134;92;1;35
92;93;1;35
93;9;1;35
9;164;1;36
164;148;1;36
148;97;1;36
97;162;1;36
162;154;1;36
154;9;1;36
9;156;1;37
156;96;1;37
96;124;1;37
124;129;1;37
129;9;1;37
9;26;1;38
26;23;1;38
23;16;1;38
16;17;1;38
17;9;1;38
9;160;1;39
160;151;1;39
151;121;1;39
121;122;1;39
122;83;1;39
83;9;1;39
9;133;1;40
133;110;1;40
110;132;1;40
132;103;1;40
103;9;1;40
9;70;1;41
70;155;1;41
155;98;1;41
98;118;1;41
118;114;1;41
114;9;1;41
9;135;1;42
135;108;1;42
108;149;1;42
149;101;1;42
101;9;1;42
9;58;1;43
58;9;1;43
10;263;1;44
263;295;1;44
295;275;1;44
275;245;1;44
245;48;1;44
48;10;1;44
10;294;1;45
294;259;1;45
259;291;1;45
291;309;1;45
309;10;1;45
10;243;1;46
243;256;1;46
256;246;1;46
246;261;1;46
261;10;1;46
10;312;1;47
312;313;1;47
313;267;1;47
267;264;1;47
264;10;1;47
10;280;1;48
280;296;1;48
296;299;1;48
299;282;1;48
282;10;1;48
10;302;1;49
302;255;1;49
255;247;1;49
247;289;1;49
289;311;1;49
311;10;1;49
10;44;1;50
44;266;1;50
266;306;1;50
306;258;1;50
258;10;1;50
10;293;1;51
293;304;1;51
304;278;1;51
278;285;1;51
285;10;1;51
10;283;1;52
283;254;1;52
254;265;1;52
265;301;1;52
301;10;1;52
10;290;1;53
290;300;1;53
300;244;1;53
244;274;1;53
274;286;1;53
286;10;1;53
10;277;1;54
277;281;1;54
281;268;1;54
268;260;1;54
260;10;1;54
10;308;1;55
308;276;1;55
276;314;1;55
314;271;1;55
271;10;1;55
10;287;1;56
287;272;1;56
272;242;1;56
242;305;1;56
305;10;1;56
10;288;1;57
288;270;1;57
270;248;1;57
248;262;1;57
262;10;1;57
11;90;1;58
90;43;1;58
43;81;1;58
81;22;1;58
22;11;1;58
11;79;1;59
79;69;1;59
69;66;1;59
66;74;1;59
74;11;1;59
12;208;1;60
208;185;1;60
185;222;1;60
222;12;1;60
13;73;1;61
73;13;1;61
13;55;1;62
55;33;1;62
33;62;1;62
62;71;1;62
71;13;1;62
13;60;1;63
60;49;1;63
49;57;1;63
57;38;1;63
38;27;1;63
27;13;1;63
14;19;1;64
19;86;1;64
86;20;1;64
20;14;1;64
15;225;1;65
225;15;1;65
15;237;1;66
237;206;1;66
206;194;1;66
194;51;1;66
51;15;1;66
15;236;1;67
236;223;1;67
223;204;1;67
204;189;1;67
189;15;1;67
15;169;1;68
169;214;1;68
214;227;1;68
227;193;1;68
193;15;1;68
15;167;1;69
167;234;1;69
234;205;1;69
205;213;1;69
213;183;1;69
183;15;1;69
15;39;1;70
39;65;1;70
65;82;1;70
82;173;1;70
173;15;1;70
15;232;1;71
232;172;1;71
172;233;1;71
233;177;1;71
177;15;1;71
15;168;1;72
168;229;1;72
229;179;1;72
179;199;1;72
199;15;1;72
15;178;1;73
178;54;1;73
54;192;1;73
192;219;1;73
219;15;1;73
15;235;1;74
235;196;1;74
196;175;1;74
175;170;1;74
170;198;1;74
198;15;1;74
15;238;1;75
238;241;1;75
241;240;1;75
240;180;1;75
180;15;1;75
15;195;1;76
195;72;1;76
72;228;1;76
228;207;1;76
207;15;1;76
15;224;1;77
224;191;1;77
191;182;1;77
182;184;1;77
184;15;1;77
15;217;1;78
217;209;1;78
209;211;1;78
211;190;1;78
190;15;1;78
15;174;1;79
174;212;1;79
212;176;1;79
176;221;1;79
221;226;1;79
226;15;1;79
15;171;1;80
171;187;1;80
187;200;1;80
200;220;1;80
220;186;1;80
186;15;1;80
15;201;1;81
201;210;1;81
210;47;1;81
47;216;1;81
216;197;1;81
197;15;1;81
15;215;1;82
215;181;1;82
181;188;1;82
188;231;1;82
231;239;1;82
239;15;1;82
15;202;1;83
202;203;1;83
203;230;1;83
230;30;1;83
30;15;1;83
