0;4;1;0
4;0;1;0
0;14;1;1
14;13;1;1
13;1;1;1
1;2;1;1
2;0;1;1
0;15;1;2
15;10;1;2
10;7;1;2
7;12;1;2
12;1;1;2
1;0;1;2
0;6;1;3
6;11;1;3
11;5;1;3
5;15;1;3
15;10;1;3
10;8;1;3
8;9;1;3
9;0;1;3
1;122;1;4
122;189;1;4
189;193;1;4
193;190;1;4
190;188;1;4
188;132;1;4
132;147;1;4
147;145;1;4
145;215;1;4
215;1;1;4
1;207;1;5
207;178;1;5
178;126;1;5
126;176;1;5
176;139;1;5
139;140;1;5
140;143;1;5
143;198;1;5
198;1;1;5
1;200;1;6
200;211;1;6
211;118;1;6
118;187;1;6
187;171;1;6
171;164;1;6
164;149;1;6
149;127;1;6
127;210;1;6
210;1;1;6
1;129;1;7
129;212;1;7
212;123;1;7
123;192;1;7
192;153;1;7
153;137;1;7
137;177;1;7
177;1;1;7
1;169;1;8
169;158;1;8
158;213;1;8
213;148;1;8
148;160;1;8
160;152;1;8
152;184;1;8
184;1;1;8
2;183;1;9
183;150;1;9
150;159;1;9
159;195;1;9
195;216;1;9
216;205;1;9
205;162;1;9
162;121;1;9
121;204;1;9
204;181;1;9
181;2;1;9
2;168;1;10
168;163;1;10
163;191;1;10
191;182;1;10
182;135;1;10
135;154;1;10
154;186;1;10
186;175;1;10
175;2;1;10
2;173;1;11
173;157;1;11
157;144;1;11
144;117;1;11
117;196;1;11
196;146;1;11
146;203;1;11
203;180;1;11
180;201;1;11
201;130;1;11
130;2;1;11
2;156;1;12
156;2;1;12
4;82;1;13
82;75;1;13
75;4;1;13
4;110;1;14
110;62;1;14
62;70;1;14
70;99;1;14
99;81;1;14
81;57;1;14
57;77;1;14
77;31;1;14
31;4;1;14
4;112;1;15
112;54;1;15
54;41;1;15
41;65;1;15
65;30;1;15
30;39;1;15
39;111;1;15
111;59;1;15
59;4;1;15
4;19;1;16
19;71;1;16
71;85;1;16
85;53;1;16
53;48;1;16
48;21;1;16
21;103;1;16
103;33;1;16
33;107;1;16
107;4;1;16
4;90;1;17
90;40;1;17
40;63;1;17
63;58;1;17
58;86;1;17
86;18;1;17
18;64;1;17
64;67;1;17
67;43;1;17
43;35;1;17
35;4;1;17
4;89;1;18
89;96;1;18
96;106;1;18
106;28;1;18
28;94;1;18
94;69;1;18
69;100;1;18
100;32;1;18
32;22;1;18
22;4;1;18
5;217;1;19
217;270;1;19
270;297;1;19
297;5;1;19
6;243;1;20
243;231;1;20
231;222;1;20
222;238;1;20
238;290;1;20
290;248;1;20
248;233;1;20
233;284;1;20
284;265;1;20
265;312;1;20
312;6;1;20
7;302;1;21
302;280;1;21
280;166;1;21
166;240;1;21
240;242;1;21
242;254;1;21
254;272;1;21
272;230;1;21
230;7;1;21
8;229;1;22
229;225;1;22
225;276;1;22
276;251;1;22
251;235;1;22
235;301;1;22
301;8;1;22
9;292;1;23
292;282;1;23
282;221;1;23
221;279;1;23
279;310;1;23
310;224;1;23
224;295;1;23
295;263;1;23
263;9;1;23
9;258;1;24
258;267;1;24
267;277;1;24
277;264;1;24
264;285;1;24
285;219;1;24
219;271;1;24
271;245;1;24
245;278;1;24
278;9;1;24
10;309;1;25
309;255;1;25
255;307;1;25
307;253;1;25
253;259;1;25
259;218;1;25
218;283;1;25
283;261;1;25
261;10;1;25
10;262;1;26
262;10;1;26
10;274;1;27
274;228;1;27
228;194;1;27
194;197;1;27
197;288;1;27
288;236;1;27
236;241;1;27
241;223;1;27
223;296;1;27
296;10;1;27
11;256;1;28
256;11;1;28
11;311;1;29
311;246;1;29
246;314;1;29
314;281;1;29
281;232;1;29
232;313;1;29
313;226;1;29
226;257;1;29
257;239;1;29
239;11;1;29
11;298;1;30
298;299;1;30
299;287;1;30
287;227;1;30
227;250;1;30
250;237;1;30
237;266;1;30
266;289;1;30
289;275;1;30
275;11;1;30
11;308;1;31
308;252;1;31
252;291;1;31
291;294;1;31
294;11;1;31
12;174;1;32
174;12;1;32
12;119;1;33
119;124;1;33
124;161;1;33
161;133;1;33
133;170;1;33
170;151;1;33
151;131;1;33
131;136;1;33
136;208;1;33
208;12;1;33
12;199;1;34
199;138;1;34
138;134;1;34
134;155;1;34
155;128;1;34
128;206;1;34
206;202;1;34
202;141;1;34
141;185;1;34
185;12;1;34
12;165;1;35
165;209;1;35
209;179;1;35
179;167;1;35
167;125;1;35
125;142;1;35
142;214;1;35
214;12;1;35
12;172;1;36
172;113;1;36
113;91;1;36
91;120;1;36
120;78;1;36
78;61;1;36
61;98;1;36
98;29;1;36
29;45;1;36
45;12;1;36
13;115;1;37
115;109;1;37
109;93;1;37
93;49;1;37
49;97;1;37
97;84;1;37
84;26;1;37
26;23;1;37
23;92;1;37
92;13;1;37
13;101;1;38
101;68;1;38
68;34;1;38
34;13;1;38
13;44;1;39
44;102;1;39
102;80;1;39
80;38;1;39
38;47;1;39
47;50;1;39
50;72;1;39
72;116;1;39
116;55;1;39
55;83;1;39
83;13;1;39
13;87;1;40
87;114;1;40
114;20;1;40
20;95;1;40
95;27;1;40
27;74;1;40
74;108;1;40
108;76;1;40
76;105;1;40
105;13;1;40
13;37;1;41
37;36;1;41
36;25;1;41
25;52;1;41
52;56;1;41
56;42;1;41
42;60;1;41
60;66;1;41
66;51;1;41
51;13;1;41
14;88;1;42
88;46;1;42
46;73;1;42
73;104;1;42
104;24;1;42
24;17;1;42
17;16;1;42
16;79;1;42
79;14;1;42
15;293;1;43
293;244;1;43
244;234;1;43
234;304;1;43
304;303;1;43
303;269;1;43
269;300;1;43
300;268;1;43
268;220;1;43
220;15;1;43
15;306;1;44
306;305;1;44
305;260;1;44
260;286;1;44
286;273;1;44
273;249;1;44
249;247;1;44
247;15;1;44
