0;12;1;0
12;5;1;0
5;13;1;0
13;3;1;0
3;14;1;0
14;0;1;0
0;8;1;1
8;15;1;1
15;7;1;1
7;1;1;1
1;4;1;1
4;10;1;1
10;6;1;1
6;0;1;1
0;2;1;2
2;12;1;2
12;0;1;2
0;8;1;3
8;9;1;3
9;11;1;3
11;3;1;3
3;5;1;3
5;13;1;3
13;0;1;3
1;288;1;4
288;68;1;4
68;182;1;4
182;131;1;4
131;129;1;4
129;36;1;4
36;183;1;4
183;240;1;4
240;44;1;4
44;1;1;4
2;269;1;5
269;29;1;5
29;238;1;5
238;79;1;5
79;204;1;5
204;91;1;5
91;216;1;5
216;192;1;5
192;142;1;5
142;251;1;5
251;2;1;5
2;118;1;6
118;232;1;6
232;294;1;6
294;312;1;6
312;208;1;6
208;2;1;6
2;106;1;7
106;132;1;7
132;291;1;7
291;59;1;7
59;201;1;7
201;146;1;7
146;138;1;7
138;259;1;7
259;290;1;7
290;116;1;7
116;2;1;7
3;120;1;8
120;47;1;8
47;263;1;8
263;267;1;8
267;220;1;8
220;100;1;8
100;34;1;8
34;258;1;8
258;3;1;8
3;273;1;9
273;292;1;9
292;24;1;9
24;160;1;9
160;260;1;9
260;20;1;9
20;48;1;9
48;42;1;9
42;252;1;9
252;153;1;9
153;3;1;9
3;115;1;10
115;178;1;10
178;224;1;10
224;247;1;10
247;296;1;10
296;96;1;10
96;197;1;10
197;94;1;10
94;3;1;10
4;225;1;11
225;4;1;11
4;295;1;12
295;300;1;12
300;278;1;12
278;125;1;12
125;286;1;12
286;102;1;12
102;188;1;12
188;66;1;12
66;95;1;12
95;4;1;12
5;119;1;13
119;237;1;13
237;133;1;13
133;69;1;13
69;241;1;13
241;18;1;13
18;57;1;13
57;264;1;13
264;271;1;13
271;35;1;13
35;297;1;13
297;5;1;13
6;181;1;14
181;26;1;14
26;231;1;14
231;196;1;14
196;53;1;14
53;199;1;14
199;86;1;14
86;54;1;14
54;276;1;14
276;6;1;14
6;314;1;15
314;235;1;15
235;275;1;15
275;282;1;15
282;243;1;15
243;184;1;15
184;195;1;15
195;165;1;15
165;159;1;15
159;6;1;15
6;193;1;16
193;306;1;16
306;222;1;16
222;283;1;16
283;266;1;16
266;213;1;16
213;174;1;16
174;71;1;16
71;6;1;16
7;117;1;17
117;123;1;17
123;7;1;17
8;302;1;18
302;164;1;18
164;214;1;18
214;37;1;18
37;187;1;18
187;108;1;18
108;38;1;18
38;234;1;18
234;265;1;18
265;8;1;18
8;261;1;19
261;311;1;19
311;27;1;19
27;200;1;19
200;28;1;19
28;268;1;19
268;308;1;19
308;309;1;19
309;8;1;19
8;110;1;20
110;84;1;20
84;136;1;20
136;245;1;20
245;49;1;20
49;122;1;20
122;170;1;20
170;287;1;20
287;149;1;20
149;8;1;20
8;163;1;21
163;52;1;21
52;175;1;21
175;171;1;21
171;40;1;21
40;277;1;21
277;274;1;21
274;101;1;21
101;41;1;21
41;8;1;21
8;154;1;22
154;239;1;22
239;313;1;22
313;90;1;22
90;242;1;22
242;97;1;22
97;285;1;22
285;151;1;22
151;8;1;22
9;223;1;23
223;156;1;23
156;262;1;23
262;198;1;23
198;227;1;23
227;72;1;23
72;305;1;23
305;93;1;23
93;250;1;23
250;23;1;23
23;9;1;23
9;177;1;24
177;310;1;24
310;166;1;24
166;203;1;24
203;218;1;24
218;244;1;24
244;103;1;24
103;304;1;24
304;205;1;24
205;9;1;24
9;212;1;25
212;113;1;25
113;139;1;25
139;158;1;25
158;284;1;25
284;202;1;25
202;221;1;25
221;145;1;25
145;301;1;25
301;98;1;25
98;9;1;25
9;61;1;26
61;280;1;26
280;155;1;26
155;190;1;26
190;31;1;26
31;215;1;26
215;9;1;26
9;303;1;27
303;298;1;27
298;127;1;27
127;124;1;27
124;210;1;27
210;19;1;27
19;144;1;27
144;9;1;27
9;121;1;28
121;293;1;28
293;189;1;28
189;229;1;28
229;80;1;28
80;233;1;28
233;147;1;28
147;137;1;28
137;162;1;28
162;9;1;28
10;112;1;29
112;228;1;29
228;236;1;29
236;186;1;29
186;207;1;29
207;114;1;29
114;249;1;29
249;230;1;29
230;58;1;29
58;10;1;29
11;85;1;30
85;55;1;30
55;74;1;30
74;11;1;30
11;22;1;31
22;109;1;31
109;104;1;31
104;83;1;31
83;105;1;31
105;150;1;31
150;126;1;31
126;173;1;31
173;107;1;31
107;11;1;31
12;180;1;32
180;46;1;32
46;255;1;32
255;140;1;32
140;111;1;32
111;211;1;32
211;62;1;32
62;254;1;32
254;152;1;32
152;299;1;32
299;12;1;32
12;88;1;33
88;128;1;33
128;135;1;33
135;253;1;33
253;161;1;33
161;194;1;33
194;12;1;33
13;143;1;34
143;87;1;34
87;307;1;34
307;21;1;34
21;56;1;34
56;206;1;34
206;167;1;34
167;82;1;34
82;217;1;34
217;13;1;34
13;157;1;35
157;209;1;35
209;219;1;35
219;51;1;35
51;99;1;35
99;256;1;35
256;179;1;35
179;130;1;35
130;30;1;35
30;13;1;35
13;248;1;36
248;185;1;36
185;45;1;36
45;67;1;36
67;169;1;36
169;77;1;36
77;81;1;36
81;63;1;36
63;172;1;36
172;13;1;36
14;25;1;37
25;65;1;37
65;191;1;37
191;281;1;37
281;75;1;37
75;14;1;37
14;246;1;38
246;168;1;38
168;279;1;38
279;272;1;38
272;78;1;38
78;33;1;38
33;73;1;38
73;289;1;38
289;43;1;38
43;14;1;38
14;257;1;39
257;70;1;39
70;226;1;39
226;76;1;39
76;89;1;39
89;60;1;39
60;50;1;39
50;141;1;39
141;14;1;39
15;176;1;40
176;17;1;40
17;16;1;40
16;270;1;40
270;134;1;40
134;39;1;40
39;148;1;40
148;92;1;40
92;64;1;40
64;32;1;40
32;15;1;40
