0;4;1;0
4;0;1;0
0;14;1;1
14;4;1;1
4;13;1;1
13;1;1;1
1;12;1;1
12;0;1;1
0;6;1;2
6;11;1;2
11;5;1;2
5;9;1;2
9;8;1;2
8;3;1;2
3;2;1;2
2;12;1;2
12;0;1;2
0;11;1;3
11;15;1;3
15;8;1;3
8;10;1;3
10;7;1;3
7;0;1;3
1;215;1;4
215;145;1;4
145;147;1;4
147;132;1;4
132;188;1;4
188;190;1;4
190;193;1;4
193;189;1;4
189;1;1;4
1;207;1;5
207;178;1;5
178;126;1;5
126;176;1;5
176;139;1;5
139;140;1;5
140;143;1;5
143;198;1;5
198;1;1;5
1;122;1;6
122;200;1;6
200;187;1;6
187;171;1;6
171;164;1;6
164;149;1;6
149;127;1;6
127;210;1;6
210;1;1;6
1;129;1;7
129;212;1;7
212;192;1;7
192;123;1;7
123;153;1;7
153;118;1;7
118;211;1;7
211;137;1;7
137;177;1;7
177;1;1;7
2;156;1;8
156;181;1;8
181;204;1;8
204;121;1;8
121;162;1;8
162;205;1;8
205;216;1;8
216;195;1;8
195;159;1;8
159;150;1;8
150;2;1;8
2;130;1;9
130;201;1;9
201;180;1;9
180;203;1;9
203;196;1;9
196;117;1;9
117;144;1;9
144;157;1;9
157;173;1;9
173;183;1;9
183;2;1;9
2;168;1;10
168;163;1;10
163;191;1;10
191;182;1;10
182;135;1;10
135;154;1;10
154;186;1;10
186;175;1;10
175;2;1;10
4;31;1;11
31;81;1;11
81;99;1;11
99;70;1;11
70;62;1;11
62;110;1;11
110;96;1;11
96;89;1;11
89;4;1;11
4;65;1;12
65;41;1;12
41;54;1;12
54;112;1;12
112;22;1;12
22;32;1;12
32;100;1;12
100;106;1;12
106;4;1;12
4;50;1;13
50;43;1;13
43;35;1;13
35;90;1;13
90;59;1;13
59;111;1;13
111;39;1;13
39;82;1;13
82;75;1;13
75;4;1;13
4;67;1;14
67;64;1;14
64;66;1;14
66;60;1;14
60;42;1;14
42;56;1;14
56;52;1;14
52;51;1;14
51;72;1;14
72;4;1;14
4;40;1;15
40;63;1;15
63;18;1;15
18;86;1;15
86;58;1;15
58;33;1;15
33;103;1;15
103;107;1;15
107;30;1;15
30;4;1;15
4;69;1;16
69;28;1;16
28;94;1;16
94;19;1;16
19;71;1;16
71;85;1;16
85;53;1;16
53;48;1;16
48;21;1;16
21;4;1;16
5;217;1;17
217;270;1;17
270;297;1;17
297;5;1;17
6;243;1;18
243;312;1;18
312;6;1;18
6;231;1;19
231;234;1;19
234;304;1;19
304;222;1;19
222;238;1;19
238;290;1;19
290;248;1;19
248;233;1;19
233;265;1;19
265;284;1;19
284;6;1;19
7;302;1;20
302;280;1;20
280;166;1;20
166;240;1;20
240;254;1;20
254;272;1;20
272;230;1;20
230;218;1;20
218;259;1;20
259;7;1;20
8;258;1;21
258;278;1;21
278;292;1;21
292;245;1;21
245;271;1;21
271;219;1;21
219;285;1;21
285;264;1;21
264;277;1;21
277;8;1;21
8;267;1;22
267;8;1;22
8;301;1;23
301;310;1;23
310;279;1;23
279;221;1;23
221;224;1;23
224;295;1;23
295;282;1;23
282;263;1;23
263;8;1;23
10;228;1;24
228;194;1;24
194;288;1;24
288;236;1;24
236;197;1;24
197;242;1;24
242;274;1;24
274;283;1;24
283;261;1;24
261;10;1;24
10;229;1;25
229;225;1;25
225;276;1;25
276;251;1;25
251;235;1;25
235;241;1;25
241;223;1;25
223;296;1;25
296;10;1;25
11;256;1;26
256;11;1;26
11;294;1;27
294;291;1;27
291;252;1;27
252;308;1;27
308;11;1;27
11;311;1;28
311;246;1;28
246;314;1;28
314;281;1;28
281;232;1;28
232;313;1;28
313;226;1;28
226;257;1;28
257;239;1;28
239;11;1;28
11;275;1;29
275;289;1;29
289;266;1;29
266;237;1;29
237;250;1;29
250;227;1;29
227;287;1;29
287;299;1;29
299;298;1;29
298;11;1;29
12;119;1;30
119;124;1;30
124;161;1;30
161;133;1;30
133;170;1;30
170;151;1;30
151;131;1;30
131;136;1;30
136;208;1;30
208;12;1;30
12;209;1;31
209;179;1;31
179;172;1;31
172;113;1;31
113;91;1;31
91;45;1;31
45;167;1;31
167;165;1;31
165;12;1;31
12;155;1;32
155;152;1;32
152;184;1;32
184;169;1;32
169;158;1;32
158;213;1;32
213;148;1;32
148;160;1;32
160;202;1;32
202;12;1;32
12;125;1;33
125;142;1;33
142;214;1;33
214;146;1;33
146;141;1;33
141;206;1;33
206;128;1;33
128;199;1;33
199;138;1;33
138;134;1;33
134;12;1;33
12;98;1;34
98;61;1;34
61;78;1;34
78;29;1;34
29;120;1;34
120;95;1;34
95;27;1;34
27;74;1;34
74;108;1;34
108;12;1;34
12;174;1;35
174;185;1;35
185;12;1;35
13;92;1;36
92;23;1;36
23;26;1;36
26;84;1;36
84;97;1;36
97;49;1;36
49;93;1;36
93;109;1;36
109;115;1;36
115;13;1;36
13;116;1;37
116;37;1;37
37;87;1;37
87;114;1;37
114;105;1;37
105;76;1;37
76;20;1;37
20;25;1;37
25;36;1;37
36;13;1;37
13;101;1;38
101;68;1;38
68;34;1;38
34;13;1;38
13;83;1;39
83;55;1;39
55;47;1;39
47;38;1;39
38;57;1;39
57;77;1;39
77;80;1;39
80;102;1;39
102;44;1;39
44;13;1;39
14;88;1;40
88;46;1;40
46;73;1;40
73;104;1;40
104;24;1;40
24;16;1;40
16;17;1;40
17;79;1;40
79;14;1;40
15;309;1;41
309;255;1;41
255;307;1;41
307;253;1;41
253;244;1;41
244;293;1;41
293;303;1;41
303;269;1;41
269;300;1;41
300;15;1;41
15;305;1;42
305;262;1;42
262;260;1;42
260;286;1;42
286;273;1;42
273;249;1;42
249;247;1;42
247;15;1;42
15;268;1;43
268;220;1;43
220;306;1;43
306;15;1;43
