0;4;1;0
4;0;1;0
0;8;1;1
8;13;1;1
13;0;1;1
0;9;1;2
9;11;1;2
11;0;1;2
0;2;1;3
2;3;1;3
3;7;1;3
7;0;1;3
0;1;1;4
1;0;1;4
0;8;1;5
8;0;1;5
0;3;1;6
3;0;1;6
0;14;1;7
14;0;1;7
0;9;1;8
9;13;1;8
13;5;1;8
5;6;1;8
6;0;1;8
1;86;1;9
86;48;1;9
48;156;1;9
156;88;1;9
88;1;1;9
1;109;1;10
109;35;1;10
35;87;1;10
87;29;1;10
29;96;1;10
96;1;1;10
1;123;1;11
123;134;1;11
134;81;1;11
81;114;1;11
114;91;1;11
91;1;1;11
1;125;1;12
125;116;1;12
116;49;1;12
49;19;1;12
19;58;1;12
58;1;1;12
1;163;1;13
163;101;1;13
101;1;1;13
2;183;1;14
183;306;1;14
306;193;1;14
193;68;1;14
68;159;1;14
159;2;1;14
2;119;1;15
119;105;1;15
105;138;1;15
138;33;1;15
33;2;1;15
2;53;1;16
53;121;1;16
121;166;1;16
166;2;1;16
3;307;1;17
307;3;1;17
3;189;1;18
189;295;1;18
295;257;1;18
257;216;1;18
216;3;1;18
3;302;1;19
302;212;1;19
212;187;1;19
187;240;1;19
240;3;1;19
3;278;1;20
278;205;1;20
205;285;1;20
285;299;1;20
299;185;1;20
185;3;1;20
3;271;1;21
271;309;1;21
309;196;1;21
196;215;1;21
215;3;1;21
3;242;1;22
242;202;1;22
202;222;1;22
222;195;1;22
195;3;1;22
3;296;1;23
296;239;1;23
239;179;1;23
179;167;1;23
167;3;1;23
3;237;1;24
237;273;1;24
273;308;1;24
308;277;1;24
277;3;1;24
3;269;1;25
269;264;1;25
264;254;1;25
254;229;1;25
229;3;1;25
3;231;1;26
231;301;1;26
301;292;1;26
292;310;1;26
310;3;1;26
3;293;1;27
293;175;1;27
175;294;1;27
294;249;1;27
249;261;1;27
261;3;1;27
3;181;1;28
181;191;1;28
191;238;1;28
238;177;1;28
177;286;1;28
286;3;1;28
3;245;1;29
245;281;1;29
281;291;1;29
291;209;1;29
209;203;1;29
203;3;1;29
4;127;1;30
127;50;1;30
50;17;1;30
17;16;1;30
16;4;1;30
4;130;1;31
130;94;1;31
94;75;1;31
75;74;1;31
74;4;1;31
4;149;1;32
149;103;1;32
103;79;1;32
79;64;1;32
64;4;1;32
4;160;1;33
160;18;1;33
18;77;1;33
77;135;1;33
135;4;1;33
4;151;1;34
151;36;1;34
36;158;1;34
158;26;1;34
26;4;1;34
4;46;1;35
46;66;1;35
66;89;1;35
89;99;1;35
99;4;1;35
5;118;1;36
118;69;1;36
69;5;1;36
5;300;1;37
300;290;1;37
290;233;1;37
233;5;1;37
5;232;1;38
232;169;1;38
169;142;1;38
142;45;1;38
45;5;1;38
6;268;1;39
268;279;1;39
279;228;1;39
228;197;1;39
197;218;1;39
218;6;1;39
6;248;1;40
248;6;1;40
6;259;1;41
259;267;1;41
267;168;1;41
168;188;1;41
188;172;1;41
172;6;1;41
6;256;1;42
256;198;1;42
198;304;1;42
304;280;1;42
280;180;1;42
180;6;1;42
7;136;1;43
136;113;1;43
113;146;1;43
146;31;1;43
31;7;1;43
7;61;1;44
61;107;1;44
107;131;1;44
131;7;1;44
7;62;1;45
62;30;1;45
30;100;1;45
100;27;1;45
27;7;1;45
7;20;1;46
20;155;1;46
155;97;1;46
97;42;1;46
42;7;1;46
8;235;1;47
235;275;1;47
275;258;1;47
258;225;1;47
225;8;1;47
8;262;1;48
262;247;1;48
247;244;1;48
244;208;1;48
208;173;1;48
173;8;1;48
8;297;1;49
297;289;1;49
289;214;1;49
214;207;1;49
207;8;1;49
8;186;1;50
186;312;1;50
312;171;1;50
171;219;1;50
219;8;1;50
8;170;1;51
170;217;1;51
217;282;1;51
282;311;1;51
311;8;1;51
8;283;1;52
283;184;1;52
184;199;1;52
199;266;1;52
266;220;1;52
220;8;1;52
8;230;1;53
230;314;1;53
314;234;1;53
234;243;1;53
243;8;1;53
8;194;1;54
194;178;1;54
178;255;1;54
255;305;1;54
305;8;1;54
8;272;1;55
272;192;1;55
192;200;1;55
200;265;1;55
265;8;1;55
8;213;1;56
213;221;1;56
221;288;1;56
288;251;1;56
251;8;1;56
8;174;1;57
174;190;1;57
190;313;1;57
313;236;1;57
236;8;1;57
8;276;1;58
276;241;1;58
241;250;1;58
250;227;1;58
227;8;1;58
8;223;1;59
223;201;1;59
201;226;1;59
226;182;1;59
182;176;1;59
176;8;1;59
8;224;1;60
224;274;1;60
274;206;1;60
206;211;1;60
211;8;1;60
8;210;1;61
210;204;1;61
204;263;1;61
263;253;1;61
253;8;1;61
8;303;1;62
303;246;1;62
246;252;1;62
252;260;1;62
260;8;1;62
8;298;1;63
298;287;1;63
287;284;1;63
284;8;1;63
9;112;1;64
112;73;1;64
73;126;1;64
126;140;1;64
140;9;1;64
9;110;1;65
110;59;1;65
59;95;1;65
95;106;1;65
106;9;1;65
9;39;1;66
39;147;1;66
147;122;1;66
122;152;1;66
152;9;1;66
11;54;1;67
54;93;1;67
93;154;1;67
154;145;1;67
145;11;1;67
11;98;1;68
98;108;1;68
108;78;1;68
78;63;1;68
63;80;1;68
80;11;1;68
11;55;1;69
55;144;1;69
144;124;1;69
124;129;1;69
129;85;1;69
85;11;1;69
13;148;1;70
148;72;1;70
72;24;1;70
24;52;1;70
52;13;1;70
13;71;1;71
71;13;1;71
13;139;1;72
139;76;1;72
76;115;1;72
115;67;1;72
67;13;1;72
13;65;1;73
65;141;1;73
141;28;1;73
28;143;1;73
143;13;1;73
13;111;1;74
111;132;1;74
132;82;1;74
82;137;1;74
137;13;1;74
13;117;1;75
117;21;1;75
21;92;1;75
92;13;1;75
13;90;1;76
90;164;1;76
164;270;1;76
270;84;1;76
84;13;1;76
14;104;1;77
104;60;1;77
60;102;1;77
102;14;1;77
14;165;1;78
165;25;1;78
25;14;1;78
14;22;1;79
22;40;1;79
40;38;1;79
38;51;1;79
51;14;1;79
14;128;1;80
128;32;1;80
32;23;1;80
23;162;1;80
162;14;1;80
14;70;1;81
70;34;1;81
34;44;1;81
44;57;1;81
57;14;1;81
14;150;1;82
150;133;1;82
133;83;1;82
83;153;1;82
153;157;1;82
157;14;1;82
14;37;1;83
37;43;1;83
43;56;1;83
56;14;1;83
14;41;1;84
41;161;1;84
161;120;1;84
120;47;1;84
47;14;1;84
